ID_VALDA,FIN_VALDA,INI_VALDA,ID_DATO,ID_UNIDAD,ID_MUN,VAL_VALDA,ID_DEPTO
1827658,2008-12-31,2008-01-01,588,2,05001,0.10600,
1827657,2008-12-31,2008-01-01,588,2,05266,0.00600,
1827656,2008-12-31,2008-01-01,588,2,11001,0.09800,
1827655,2008-12-31,2008-01-01,588,2,25001,0.00000,
1827654,2008-12-31,2008-01-01,588,2,05631,0.08300,
1827653,2008-12-31,2008-01-01,588,2,05360,0.16400,
1827652,2008-12-31,2008-01-01,588,2,25817,0.12600,
1827651,2008-12-31,2008-01-01,588,2,25175,0.13500,
1827650,2008-12-31,2008-01-01,588,2,25799,0.20900,
1827649,2008-12-31,2008-01-01,588,2,05321,0.21300,
1827648,2008-12-31,2008-01-01,588,2,68001,0.23800,
1827647,2008-12-31,2008-01-01,588,2,05615,0.22600,
1827646,2008-12-31,2008-01-01,588,2,25758,0.11600,
1827645,2008-12-31,2008-01-01,588,2,17001,0.24900,
1827644,2008-12-31,2008-01-01,588,2,5237,0.25400,
1827643,2008-12-31,2008-01-01,588,2,76243,0.69900,
1827642,2008-12-31,2008-01-01,588,2,25899,0.18600,
1827641,2008-12-31,2008-01-01,588,2,76250,0.73400,
1827640,2008-12-31,2008-01-01,588,2,25214,0.19100,
1827639,2008-12-31,2008-01-01,588,2,68276,0.22300,
1827638,2008-12-31,2008-01-01,588,2,63001,0.29500,
1827637,2008-12-31,2008-01-01,588,2,05129,0.24700,
1827636,2008-12-31,2008-01-01,588,2,05380,0.23100,
1827635,2008-12-31,2008-01-01,588,2,05088,0.23700,
1827634,2008-12-31,2008-01-01,588,2,05212,0.31600,
1827633,2008-12-31,2008-01-01,588,2,85440,0.33400,
1827632,2008-12-31,2008-01-01,588,2,73001,0.33600,
1827631,2008-12-31,2008-01-01,588,2,25286,0.16100,
1827630,2008-12-31,2008-01-01,588,2,15001,0.14700,
1827629,2008-12-31,2008-01-01,588,2,25126,0.17600,
1827628,2008-12-31,2008-01-01,588,2,41001,0.34200,
1827627,2008-12-31,2008-01-01,588,2,66001,0.37200,
1827626,2008-12-31,2008-01-01,588,2,66170,0.35300,
1827625,2008-12-31,2008-01-01,588,2,25473,0.20700,
1827624,2008-12-31,2008-01-01,588,2,05376,0.27300,
1827623,2008-12-31,2008-01-01,588,2,25430,0.20700,
1827622,2008-12-31,2008-01-01,588,2,05308,0.18200,
1827621,2008-12-31,2008-01-01,588,2,50150,0.36100,
1827620,2008-12-31,2008-01-01,588,2,08001,0.26900,
1827619,2008-12-31,2008-01-01,588,2,76246,0.63000,
1827618,2008-12-31,2008-01-01,588,2,25307,0.22600,
1827617,2008-12-31,2008-01-01,588,2,88564,0.19900,
1827616,2008-12-31,2008-01-01,588,2,68081,0.40700,
1827615,2008-12-31,2008-01-01,588,2,25754,0.32300,
1827614,2008-12-31,2008-01-01,588,2,50001,0.40000,
1827613,2008-12-31,2008-01-01,588,2,41885,0.29700,
1827612,2008-12-31,2008-01-01,588,2,76863,0.63600,
1827611,2008-12-31,2008-01-01,588,2,66400,0.38000,
1827610,2008-12-31,2008-01-01,588,2,25740,0.24800,
1827609,2008-12-31,2008-01-01,588,2,05607,0.25900,
1827608,2008-12-31,2008-01-01,588,2,15238,0.18900,
1827607,2008-12-31,2008-01-01,588,2,76054,0.58200,
1827606,2008-12-31,2008-01-01,588,2,15759,0.19900,
1827605,2008-12-31,2008-01-01,588,2,76100,0.59200,
1827604,2008-12-31,2008-01-01,588,2,15491,0.19800,
1827603,2008-12-31,2008-01-01,588,2,20001,0.37400,
1827602,2008-12-31,2008-01-01,588,2,25785,0.23700,
1827601,2008-12-31,2008-01-01,588,2,76828,0.51200,
1827600,2008-12-31,2008-01-01,588,2,68547,0.29100,
1827599,2008-12-31,2008-01-01,588,2,25269,0.26200,
1827598,2008-12-31,2008-01-01,588,2,25099,0.23500,
1827597,2008-12-31,2008-01-01,588,2,76377,0.49900,
1827596,2008-12-31,2008-01-01,588,2,05658,0.36900,
1827595,2008-12-31,2008-01-01,588,2,73349,0.30400,
1827594,2008-12-31,2008-01-01,588,2,15516,0.23800,
1827593,2008-12-31,2008-01-01,588,2,5264,0.51500,
1827592,2008-12-31,2008-01-01,588,2,68307,0.31900,
1827591,2008-12-31,2008-01-01,588,2,76233,0.62800,
1827590,2008-12-31,2008-01-01,588,2,25260,0.29300,
1827589,2008-12-31,2008-01-01,588,2,19001,0.46100,
1827588,2008-12-31,2008-01-01,588,2,68755,0.25600,
1827587,2008-12-31,2008-01-01,588,2,76616,0.61200,
1827586,2008-12-31,2008-01-01,588,2,50689,0.46900,
1827585,2008-12-31,2008-01-01,588,2,25612,0.30100,
1827584,2008-12-31,2008-01-01,588,2,54001,0.41000,
1827583,2008-12-31,2008-01-01,588,2,05030,0.37000,
1827582,2008-12-31,2008-01-01,588,2,25843,0.25500,
1827581,2008-12-31,2008-01-01,588,2,25339,0.32500,
1827580,2008-12-31,2008-01-01,588,2,05150,0.18400,
1827579,2008-12-31,2008-01-01,588,2,25769,0.29100,
1827578,2008-12-31,2008-01-01,588,2,85001,0.35100,
1827577,2008-12-31,2008-01-01,588,2,76109,0.61200,
1827576,2008-12-31,2008-01-01,588,2,05148,0.33600,
1827575,2008-12-31,2008-01-01,588,2,85010,0.45000,
1827574,2008-12-31,2008-01-01,588,2,25322,0.32900,
1827573,2008-12-31,2008-01-01,588,2,73449,0.30200,
1827572,2008-12-31,2008-01-01,588,2,05697,0.30000,
1827571,2008-12-31,2008-01-01,588,2,17877,0.38500,
1827570,2008-12-31,2008-01-01,588,2,08573,0.29300,
1827569,2008-12-31,2008-01-01,588,2,25290,0.36400,
1827568,2008-12-31,2008-01-01,588,2,76041,0.57400,
1827567,2008-12-31,2008-01-01,588,2,50006,0.43300,
1827566,2008-12-31,2008-01-01,588,2,17380,0.38000,
1827565,2008-12-31,2008-01-01,588,2,15176,0.28400,
1827564,2008-12-31,2008-01-01,588,2,08758,0.31700,
1827563,2008-12-31,2008-01-01,588,2,73268,0.30300,
1827562,2008-12-31,2008-01-01,588,2,17873,0.36800,
1827561,2008-12-31,2008-01-01,588,2,13001,0.33400,
1827560,2008-12-31,2008-01-01,588,2,68679,0.22800,
1827559,2008-12-31,2008-01-01,588,2,05440,0.31400,
1827558,2008-12-31,2008-01-01,588,2,19573,0.48300,
1827557,2008-12-31,2008-01-01,588,2,63130,0.42100,
1827556,2008-12-31,2008-01-01,588,2,25200,0.23500,
1827555,2008-12-31,2008-01-01,588,2,15362,0.18500,
1827554,2008-12-31,2008-01-01,588,2,05042,0.34200,
1827553,2008-12-31,2008-01-01,588,2,63401,0.42700,
1827552,2008-12-31,2008-01-01,588,2,76845,0.50200,
1827551,2008-12-31,2008-01-01,588,2,15537,0.18800,
1827550,2008-12-31,2008-01-01,588,2,15322,0.24900,
1827549,2008-12-31,2008-01-01,588,2,73275,0.37900,
1827548,2008-12-31,2008-01-01,588,2,73408,0.48600,
1827547,2008-12-31,2008-01-01,588,2,76823,0.57900,
1827546,2008-12-31,2008-01-01,588,2,68077,0.51200,
1827545,2008-12-31,2008-01-01,588,2,50606,0.43300,
1827544,2008-12-31,2008-01-01,588,2,76869,0.54500,
1827543,2008-12-31,2008-01-01,588,2,85410,0.33200,
1827542,2008-12-31,2008-01-01,588,2,05045,0.45600,
1827541,2008-12-31,2008-01-01,588,2,76020,0.52000,
1827540,2008-12-31,2008-01-01,588,2,66682,0.46600,
1827539,2008-12-31,2008-01-01,588,2,54405,0.42300,
1827538,2008-12-31,2008-01-01,588,2,25035,0.36200,
1827537,2008-12-31,2008-01-01,588,2,54518,0.26400,
1827536,2008-12-31,2008-01-01,588,2,05318,0.36300,
1827535,2008-12-31,2008-01-01,588,2,76606,0.51400,
1827534,2008-12-31,2008-01-01,588,2,50226,0.43500,
1827533,2008-12-31,2008-01-01,588,2,52001,0.41900,
1827532,2008-12-31,2008-01-01,588,2,63594,0.48700,
1827531,2008-12-31,2008-01-01,588,2,63190,0.43100,
1827530,2008-12-31,2008-01-01,588,2,05079,0.41800,
1827529,2008-12-31,2008-01-01,588,2,05400,0.42000,
1827528,2008-12-31,2008-01-01,588,2,25736,0.28100,
1827527,2008-12-31,2008-01-01,588,2,44855,0.46400,
1827526,2008-12-31,2008-01-01,588,2,05190,0.40600,
1827525,2008-12-31,2008-01-01,588,2,05353,0.22500,
1827524,2008-12-31,2008-01-01,588,2,25295,0.33400,
1827523,2008-12-31,2008-01-01,588,2,68432,0.29400,
1827522,2008-12-31,2008-01-01,588,2,15299,0.29200,
1827521,2008-12-31,2008-01-01,588,2,25377,0.24700,
1827520,2008-12-31,2008-01-01,588,2,05390,0.39500,
1827519,2008-12-31,2008-01-01,588,2,17614,0.44700,
1827518,2008-12-31,2008-01-01,588,2,52356,0.43800,
1827517,2008-12-31,2008-01-01,588,2,25572,0.36900,
1827516,2008-12-31,2008-01-01,588,2,76890,0.48100,
1827515,2008-12-31,2008-01-01,588,2,05664,0.40400,
1827514,2008-12-31,2008-01-01,588,2,15690,0.36700,
1827513,2008-12-31,2008-01-01,588,2,63470,0.45300,
1962028,2010-12-31,2010-07-01,588,2,50370,1.00000,
1962027,2010-12-31,2010-07-01,588,2,50711,0.80900,
1962026,2010-12-31,2010-07-01,588,2,86569,0.69500,
1962025,2010-12-31,2010-07-01,588,2,18785,0.67300,
1962024,2010-12-31,2010-07-01,588,2,86568,0.64600,
1962023,2010-12-31,2010-07-01,588,2,50251,0.62200,
1962022,2010-12-31,2010-07-01,588,2,95001,0.60800,
1962021,2010-12-31,2010-07-01,588,2,19821,0.56700,
1962020,2010-12-31,2010-07-01,588,2,23466,0.56500,
1962019,2010-12-31,2010-07-01,588,2,23079,0.56400,
1962018,2010-12-31,2010-07-01,588,2,41206,0.52600,
1962017,2010-12-31,2010-07-01,588,2,86001,0.50900,
1962016,2010-12-31,2010-07-01,588,2,05495,0.50000,
1962015,2010-12-31,2010-07-01,588,2,27001,0.49400,
1962014,2010-12-31,2010-07-01,588,2,27075,0.49300,
1962013,2010-12-31,2010-07-01,588,2,44090,0.48700,
1962012,2010-12-31,2010-07-01,588,2,19532,0.48700,
1962011,2010-12-31,2010-07-01,588,2,18029,0.48500,
1962010,2010-12-31,2010-07-01,588,2,25120,0.47700,
1962009,2010-12-31,2010-07-01,588,2,52405,0.47600,
1962008,2010-12-31,2010-07-01,588,2,27745,0.47600,
1962007,2010-12-31,2010-07-01,588,2,19743,0.47400,
1962006,2010-12-31,2010-07-01,588,2,50577,0.47400,
1962005,2010-12-31,2010-07-01,588,2,19075,0.47400,
1962004,2010-12-31,2010-07-01,588,2,70678,0.47300,
1962003,2010-12-31,2010-07-01,588,2,27250,0.46600,
1962002,2010-12-31,2010-07-01,588,2,27413,0.46400,
1962001,2010-12-31,2010-07-01,588,2,20570,0.46400,
1962000,2010-12-31,2010-07-01,588,2,27450,0.46000,
1961999,2010-12-31,2010-07-01,588,2,27073,0.45200,
1961998,2010-12-31,2010-07-01,588,2,47268,0.45200,
1961997,2010-12-31,2010-07-01,588,2,05660,0.45100,
1961996,2010-12-31,2010-07-01,588,2,20175,0.45000,
1961995,2010-12-31,2010-07-01,588,2,19622,0.44900,
1961994,2010-12-31,2010-07-01,588,2,20517,0.44200,
1961993,2010-12-31,2010-07-01,588,2,13657,0.44000,
1961992,2010-12-31,2010-07-01,588,2,47053,0.43900,
1961991,2010-12-31,2010-07-01,588,2,70124,0.43800,
1961990,2010-12-31,2010-07-01,588,2,19392,0.43600,
1961989,2010-12-31,2010-07-01,588,2,23189,0.43500,
1961988,2010-12-31,2010-07-01,588,2,70204,0.43500,
1961987,2010-12-31,2010-07-01,588,2,41006,0.43300,
1961986,2010-12-31,2010-07-01,588,2,47245,0.43100,
1961985,2010-12-31,2010-07-01,588,2,52385,0.42900,
1961984,2010-12-31,2010-07-01,588,2,20228,0.42800,
1961983,2010-12-31,2010-07-01,588,2,70429,0.42800,
1961982,2010-12-31,2010-07-01,588,2,47460,0.42800,
1961981,2010-12-31,2010-07-01,588,2,47288,0.42800,
1961980,2010-12-31,2010-07-01,588,2,54385,0.42700,
1961979,2010-12-31,2010-07-01,588,2,08141,0.42400,
1961978,2010-12-31,2010-07-01,588,2,20250,0.42300,
1961977,2010-12-31,2010-07-01,588,2,44001,0.42100,
1961976,2010-12-31,2010-07-01,588,2,20238,0.42100,
1961975,2010-12-31,2010-07-01,588,2,18001,0.42100,
1961974,2010-12-31,2010-07-01,588,2,08436,0.41900,
1961973,2010-12-31,2010-07-01,588,2,20013,0.41900,
1961972,2010-12-31,2010-07-01,588,2,08549,0.41700,
1961971,2010-12-31,2010-07-01,588,2,05154,0.41600,
1961970,2010-12-31,2010-07-01,588,2,44279,0.41500,
1961969,2010-12-31,2010-07-01,588,2,20178,0.41400,
1961968,2010-12-31,2010-07-01,588,2,20750,0.41300,
1961967,2010-12-31,2010-07-01,588,2,47030,0.41300,
1961966,2010-12-31,2010-07-01,588,2,20032,0.41300,
1961965,2010-12-31,2010-07-01,588,2,23686,0.41200,
1961964,2010-12-31,2010-07-01,588,2,70708,0.41000,
1961963,2010-12-31,2010-07-01,588,2,63548,0.40800,
1961962,2010-12-31,2010-07-01,588,2,47551,0.40800,
1961961,2010-12-31,2010-07-01,588,2,27615,0.40800,
1961960,2010-12-31,2010-07-01,588,2,68255,0.40700,
1961959,2010-12-31,2010-07-01,588,2,73411,0.40700,
1961958,2010-12-31,2010-07-01,588,2,08137,0.40500,
1961957,2010-12-31,2010-07-01,588,2,08372,0.40400,
1961956,2010-12-31,2010-07-01,588,2,15804,0.40300,
1961955,2010-12-31,2010-07-01,588,2,19022,0.40300,
1961954,2010-12-31,2010-07-01,588,2,20045,0.40200,
1961953,2010-12-31,2010-07-01,588,2,15189,0.40100,
1961952,2010-12-31,2010-07-01,588,2,20621,0.39900,
1961951,2010-12-31,2010-07-01,588,2,17662,0.39900,
1961950,2010-12-31,2010-07-01,588,2,47189,0.39800,
1961949,2010-12-31,2010-07-01,588,2,47058,0.39800,
1961948,2010-12-31,2010-07-01,588,2,27580,0.39700,
1961947,2010-12-31,2010-07-01,588,2,08560,0.39300,
1961946,2010-12-31,2010-07-01,588,2,44874,0.39200,
1961945,2010-12-31,2010-07-01,588,2,15244,0.38900,
1961944,2010-12-31,2010-07-01,588,2,70717,0.38800,
1961943,2010-12-31,2010-07-01,588,2,27425,0.38800,
1961942,2010-12-31,2010-07-01,588,2,15621,0.38800,
1961941,2010-12-31,2010-07-01,588,2,68655,0.38700,
1961940,2010-12-31,2010-07-01,588,2,05197,0.38600,
1961939,2010-12-31,2010-07-01,588,2,08606,0.37800,
1961938,2010-12-31,2010-07-01,588,2,20383,0.37800,
1961937,2010-12-31,2010-07-01,588,2,19001,0.37800,
1961936,2010-12-31,2010-07-01,588,2,23162,0.37600,
1961935,2010-12-31,2010-07-01,588,2,08832,0.37500,
1961934,2010-12-31,2010-07-01,588,2,20060,0.37500,
1961933,2010-12-31,2010-07-01,588,2,70771,0.37300,
1961932,2010-12-31,2010-07-01,588,2,05038,0.37200,
1961931,2010-12-31,2010-07-01,588,2,76828,0.37100,
1961930,2010-12-31,2010-07-01,588,2,66456,0.37000,
1961929,2010-12-31,2010-07-01,588,2,15507,0.36900,
1961928,2010-12-31,2010-07-01,588,2,25148,0.36900,
1961927,2010-12-31,2010-07-01,588,2,08849,0.36700,
1961926,2010-12-31,2010-07-01,588,2,05284,0.36700,
1961925,2010-12-31,2010-07-01,588,2,25596,0.36400,
1961924,2010-12-31,2010-07-01,588,2,41807,0.36300,
1961923,2010-12-31,2010-07-01,588,2,20443,0.36100,
1961922,2010-12-31,2010-07-01,588,2,19701,0.36000,
1961921,2010-12-31,2010-07-01,588,2,05604,0.35900,
1961920,2010-12-31,2010-07-01,588,2,27025,0.35900,
1961919,2010-12-31,2010-07-01,588,2,05031,0.35800,
1961918,2010-12-31,2010-07-01,588,2,15047,0.35800,
1961917,2010-12-31,2010-07-01,588,2,17877,0.35800,
1961916,2010-12-31,2010-07-01,588,2,52683,0.35800,
1961915,2010-12-31,2010-07-01,588,2,13248,0.35700,
1961914,2010-12-31,2010-07-01,588,2,63470,0.35500,
1961913,2010-12-31,2010-07-01,588,2,19760,0.35400,
1961912,2010-12-31,2010-07-01,588,2,85225,0.35300,
1961911,2010-12-31,2010-07-01,588,2,68615,0.35200,
1961910,2010-12-31,2010-07-01,588,2,85125,0.35200,
1961909,2010-12-31,2010-07-01,588,2,66383,0.35100,
1961908,2010-12-31,2010-07-01,588,2,05642,0.35000,
1961907,2010-12-31,2010-07-01,588,2,23001,0.34900,
1961906,2010-12-31,2010-07-01,588,2,19693,0.34800,
1961905,2010-12-31,2010-07-01,588,2,08638,0.34700,
1961904,2010-12-31,2010-07-01,588,2,63212,0.34600,
1961903,2010-12-31,2010-07-01,588,2,85001,0.34500,
1961902,2010-12-31,2010-07-01,588,2,05313,0.34300,
1961901,2010-12-31,2010-07-01,588,2,15790,0.34100,
1961900,2010-12-31,2010-07-01,588,2,68245,0.33900,
1961899,2010-12-31,2010-07-01,588,2,25851,0.33800,
1961898,2010-12-31,2010-07-01,588,2,13836,0.33300,
1961897,2010-12-31,2010-07-01,588,2,08433,0.33300,
1961896,2010-12-31,2010-07-01,588,2,66682,0.33300,
1961895,2010-12-31,2010-07-01,588,2,08296,0.33200,
1961894,2010-12-31,2010-07-01,588,2,63690,0.33200,
1961893,2010-12-31,2010-07-01,588,2,25407,0.33100,
1961892,2010-12-31,2010-07-01,588,2,66318,0.33000,
1961891,2010-12-31,2010-07-01,588,2,66088,0.32800,
1961890,2010-12-31,2010-07-01,588,2,17777,0.32700,
1961889,2010-12-31,2010-07-01,588,2,76109,0.32500,
1961888,2010-12-31,2010-07-01,588,2,66075,0.32500,
1961887,2010-12-31,2010-07-01,588,2,85230,0.32400,
1961886,2010-12-31,2010-07-01,588,2,25486,0.32200,
1961885,2010-12-31,2010-07-01,588,2,15580,0.32200,
1961884,2010-12-31,2010-07-01,588,2,15572,0.32000,
1961883,2010-12-31,2010-07-01,588,2,15761,0.32000,
1961882,2010-12-31,2010-07-01,588,2,15162,0.32000,
1961881,2010-12-31,2010-07-01,588,2,17013,0.31900,
1961880,2010-12-31,2010-07-01,588,2,63190,0.31900,
1961879,2010-12-31,2010-07-01,588,2,50001,0.31900,
1961878,2010-12-31,2010-07-01,588,2,85010,0.31700,
1961877,2010-12-31,2010-07-01,588,2,20400,0.31700,
1961876,2010-12-31,2010-07-01,588,2,66400,0.31600,
1961875,2010-12-31,2010-07-01,588,2,15537,0.31500,
1961874,2010-12-31,2010-07-01,588,2,25899,0.31400,
1961873,2010-12-31,2010-07-01,588,2,15172,0.31300,
1961872,2010-12-31,2010-07-01,588,2,17486,0.31300,
1961871,2010-12-31,2010-07-01,588,2,63111,0.31300,
1961870,2010-12-31,2010-07-01,588,2,73352,0.31200,
1961869,2010-12-31,2010-07-01,588,2,85139,0.31200,
1961868,2010-12-31,2010-07-01,588,2,54498,0.31100,
1961867,2010-12-31,2010-07-01,588,2,08634,0.31100,
1961866,2010-12-31,2010-07-01,588,2,25572,0.31100,
1961865,2010-12-31,2010-07-01,588,2,25878,0.31100,
1961864,2010-12-31,2010-07-01,588,2,41001,0.31000,
1961863,2010-12-31,2010-07-01,588,2,08685,0.30600,
1961862,2010-12-31,2010-07-01,588,2,76275,0.30500,
1961861,2010-12-31,2010-07-01,588,2,15455,0.30500,
1961860,2010-12-31,2010-07-01,588,2,76563,0.30300,
1961859,2010-12-31,2010-07-01,588,2,20001,0.30200,
1961858,2010-12-31,2010-07-01,588,2,25297,0.30100,
1961857,2010-12-31,2010-07-01,588,2,17380,0.30100,
1961856,2010-12-31,2010-07-01,588,2,47001,0.29800,
1961855,2010-12-31,2010-07-01,588,2,17541,0.29400,
1961854,2010-12-31,2010-07-01,588,2,76834,0.29400,
1961853,2010-12-31,2010-07-01,588,2,73678,0.29400,
1961852,2010-12-31,2010-07-01,588,2,25320,0.29300,
1961851,2010-12-31,2010-07-01,588,2,25123,0.29300,
1961850,2010-12-31,2010-07-01,588,2,76113,0.29200,
1961849,2010-12-31,2010-07-01,588,2,25290,0.29000,
1961848,2010-12-31,2010-07-01,588,2,63130,0.29000,
1961847,2010-12-31,2010-07-01,588,2,68307,0.28900,
1961846,2010-12-31,2010-07-01,588,2,25772,0.28600,
1961845,2010-12-31,2010-07-01,588,2,76111,0.28600,
1961844,2010-12-31,2010-07-01,588,2,08758,0.28400,
1961843,2010-12-31,2010-07-01,588,2,54001,0.28200,
1961842,2010-12-31,2010-07-01,588,2,76147,0.28100,
1961841,2010-12-31,2010-07-01,588,2,76318,0.28000,
1961840,2010-12-31,2010-07-01,588,2,25312,0.28000,
1961839,2010-12-31,2010-07-01,588,2,63401,0.27700,
1961838,2010-12-31,2010-07-01,588,2,73268,0.27600,
1961837,2010-12-31,2010-07-01,588,2,15759,0.27600,
1961836,2010-12-31,2010-07-01,588,2,68406,0.27600,
1961835,2010-12-31,2010-07-01,588,2,05390,0.27200,
1961834,2010-12-31,2010-07-01,588,2,63272,0.26600,
1961833,2010-12-31,2010-07-01,588,2,68679,0.26500,
1961832,2010-12-31,2010-07-01,588,2,05861,0.26300,
1961831,2010-12-31,2010-07-01,588,2,15238,0.26300,
1961830,2010-12-31,2010-07-01,588,2,76400,0.26100,
1961829,2010-12-31,2010-07-01,588,2,73001,0.26100,
1961828,2010-12-31,2010-07-01,588,2,25322,0.25700,
1961827,2010-12-31,2010-07-01,588,2,05591,0.25500,
1961826,2010-12-31,2010-07-01,588,2,66045,0.25300,
1961825,2010-12-31,2010-07-01,588,2,76364,0.25200,
1961824,2010-12-31,2010-07-01,588,2,15897,0.24900,
1961823,2010-12-31,2010-07-01,588,2,76520,0.24800,
1961822,2010-12-31,2010-07-01,588,2,13001,0.24400,
1961821,2010-12-31,2010-07-01,588,2,08573,0.24200,
1961820,2010-12-31,2010-07-01,588,2,19845,0.23900,
1961819,2010-12-31,2010-07-01,588,2,66001,0.23600,
1961818,2010-12-31,2010-07-01,588,2,25769,0.23500,
1961817,2010-12-31,2010-07-01,588,2,68001,0.23100,
1961816,2010-12-31,2010-07-01,588,2,17873,0.23000,
1961815,2010-12-31,2010-07-01,588,2,76001,0.23000,
1961814,2010-12-31,2010-07-01,588,2,17001,0.22600,
1961813,2010-12-31,2010-07-01,588,2,68276,0.22500,
1961812,2010-12-31,2010-07-01,588,2,63001,0.22100,
1961811,2010-12-31,2010-07-01,588,2,85410,0.22100,
1961810,2010-12-31,2010-07-01,588,2,25736,0.22000,
1961809,2010-12-31,2010-07-01,588,2,66170,0.21700,
1961808,2010-12-31,2010-07-01,588,2,25473,0.21000,
1961807,2010-12-31,2010-07-01,588,2,15001,0.19700,
1961806,2010-12-31,2010-07-01,588,2,25269,0.19500,
1961805,2010-12-31,2010-07-01,588,2,25758,0.19000,
1961804,2010-12-31,2010-07-01,588,2,08001,0.17300,
1961803,2010-12-31,2010-07-01,588,2,25817,0.14400,
1961802,2010-12-31,2010-07-01,588,2,05001,0.10900,
1961801,2010-12-31,2010-07-01,588,2,05360,0.10500,
1961800,2010-12-31,2010-07-01,588,2,05088,0.07400,
1961799,2010-12-31,2010-07-01,588,2,11001,0.05700,
1961798,2010-12-31,2010-07-01,588,2,05266,0.02700,
1961797,2010-12-31,2010-07-01,588,2,05615,0.00000,
1827512,2008-12-31,2008-01-01,588,2,25386,0.41600,
1827511,2008-12-31,2008-01-01,588,2,05861,0.38300,
1827510,2008-12-31,2008-01-01,588,2,05579,0.47500,
1827509,2008-12-31,2008-01-01,588,2,85162,0.41700,
1827508,2008-12-31,2008-01-01,588,2,25772,0.40900,
1827507,2008-12-31,2008-01-01,588,2,73443,0.40200,
1827506,2008-12-31,2008-01-01,588,2,76736,0.57400,
1827505,2008-12-31,2008-01-01,588,2,76497,0.50900,
1827504,2008-12-31,2008-01-01,588,2,47001,0.57400,
1827503,2008-12-31,2008-01-01,588,2,73861,0.48300,
1827502,2008-12-31,2008-01-01,588,2,70001,0.42300,
1827501,2008-12-31,2008-01-01,588,2,73148,0.32300,
1827500,2008-12-31,2008-01-01,588,2,05368,0.29400,
1827499,2008-12-31,2008-01-01,588,2,25745,0.33000,
1827498,2008-12-31,2008-01-01,588,2,76126,0.48900,
1827497,2008-12-31,2008-01-01,588,2,41016,0.46300,
1827496,2008-12-31,2008-01-01,588,2,41524,0.52100,
1827495,2008-12-31,2008-01-01,588,2,15215,0.23100,
1827494,2008-12-31,2008-01-01,588,2,19455,0.47500,
1827493,2008-12-31,2008-01-01,588,2,25183,0.35700,
1827492,2008-12-31,2008-01-01,588,2,20710,0.49100,
1827491,2008-12-31,2008-01-01,588,2,05887,0.51000,
1827490,2008-12-31,2008-01-01,588,2,05310,0.36000,
1827489,2008-12-31,2008-01-01,588,2,25845,0.60500,
1827488,2008-12-31,2008-01-01,588,2,17524,0.47600,
1827487,2008-12-31,2008-01-01,588,2,05591,0.41400,
1827486,2008-12-31,2008-01-01,588,2,73030,0.45100,
1827485,2008-12-31,2008-01-01,588,2,17174,0.48700,
1827484,2008-12-31,2008-01-01,588,2,08685,0.34300,
1827483,2008-12-31,2008-01-01,588,2,05686,0.40900,
1827482,2008-12-31,2008-01-01,588,2,18001,0.57300,
1827481,2008-12-31,2008-01-01,588,2,08634,0.30700,
1827480,2008-12-31,2008-01-01,588,2,05856,0.39100,
1827479,2008-12-31,2008-01-01,588,2,05282,0.39800,
1827478,2008-12-31,2008-01-01,588,2,63272,0.33000,
1827477,2008-12-31,2008-01-01,588,2,76122,0.50400,
1827476,2008-12-31,2008-01-01,588,2,15693,0.30500,
1827475,2008-12-31,2008-01-01,588,2,68895,0.33600,
1827474,2008-12-31,2008-01-01,588,2,05585,0.43700,
1827473,2008-12-31,2008-01-01,588,2,15806,0.25800,
1827472,2008-12-31,2008-01-01,588,2,81001,0.51600,
1827471,2008-12-31,2008-01-01,588,2,15407,0.26700,
1827470,2008-12-31,2008-01-01,588,2,73055,0.49800,
1827469,2008-12-31,2008-01-01,588,2,25875,0.41200,
1827468,2008-12-31,2008-01-01,588,2,15572,0.45500,
1827467,2008-12-31,2008-01-01,588,2,44874,0.38600,
1827466,2008-12-31,2008-01-01,588,2,76670,0.50500,
1827465,2008-12-31,2008-01-01,588,2,76306,0.41200,
1827464,2008-12-31,2008-01-01,588,2,54874,0.42900,
1827463,2008-12-31,2008-01-01,588,2,25486,0.37300,
1827462,2008-12-31,2008-01-01,588,2,91001,0.38900,
1827461,2008-12-31,2008-01-01,588,2,05004,0.52500,
1827460,2008-12-31,2008-01-01,588,2,05154,0.50000,
1827459,2008-12-31,2008-01-01,588,2,50573,0.51500,
1827458,2008-12-31,2008-01-01,588,2,15753,0.26200,
1827457,2008-12-31,2008-01-01,588,2,08433,0.39600,
1827456,2008-12-31,2008-01-01,588,2,76275,0.48200,
1827455,2008-12-31,2008-01-01,588,2,73547,0.31100,
1827454,2008-12-31,2008-01-01,588,2,25320,0.38600,
1827453,2008-12-31,2008-01-01,588,2,05809,0.44600,
1827452,2008-12-31,2008-01-01,588,2,25245,0.39800,
1827451,2008-12-31,2008-01-01,588,2,15455,0.37200,
1827450,2008-12-31,2008-01-01,588,2,25317,0.42700,
1827449,2008-12-31,2008-01-01,588,2,76563,0.44900,
1827448,2008-12-31,2008-01-01,588,2,05101,0.45300,
1827447,2008-12-31,2008-01-01,588,2,41026,0.53300,
1827446,2008-12-31,2008-01-01,588,2,19698,0.55100,
1827445,2008-12-31,2008-01-01,588,2,15757,0.32500,
1827444,2008-12-31,2008-01-01,588,2,63690,0.60100,
1827443,2008-12-31,2008-01-01,588,2,05541,0.42500,
1827442,2008-12-31,2008-01-01,588,2,85300,0.49200,
1827441,2008-12-31,2008-01-01,588,2,23001,0.44100,
1827440,2008-12-31,2008-01-01,588,2,25898,0.29500,
1827439,2008-12-31,2008-01-01,588,2,76400,0.48000,
1827438,2008-12-31,2008-01-01,588,2,68327,0.39800,
1827437,2008-12-31,2008-01-01,588,2,25599,0.40100,
1827436,2008-12-31,2008-01-01,588,2,50680,0.56100,
1827435,2008-12-31,2008-01-01,588,2,05147,0.55800,
1827434,2008-12-31,2008-01-01,588,2,68655,0.54400,
1827433,2008-12-31,2008-01-01,588,2,19845,0.43700,
1827432,2008-12-31,2008-01-01,588,2,25873,0.27500,
1827431,2008-12-31,2008-01-01,588,2,52480,0.48700,
1827430,2008-12-31,2008-01-01,588,2,15466,0.37300,
1827429,2008-12-31,2008-01-01,588,2,05172,0.53900,
1827428,2008-12-31,2008-01-01,588,2,70215,0.51000,
1827427,2008-12-31,2008-01-01,588,2,52381,0.50600,
1827426,2008-12-31,2008-01-01,588,2,15723,0.33600,
1827425,2008-12-31,2008-01-01,588,2,08296,0.39600,
1827424,2008-12-31,2008-01-01,588,2,76130,0.43300,
1827423,2008-12-31,2008-01-01,588,2,25488,0.33700,
1827422,2008-12-31,2008-01-01,588,2,05036,0.36400,
1827421,2008-12-31,2008-01-01,588,2,15837,0.29200,
1827420,2008-12-31,2008-01-01,588,2,05364,0.41200,
1827419,2008-12-31,2008-01-01,588,2,25279,0.47400,
1827418,2008-12-31,2008-01-01,588,2,68132,0.27700,
1827417,2008-12-31,2008-01-01,588,2,76622,0.47700,
1827416,2008-12-31,2008-01-01,588,2,05792,0.40400,
1827415,2008-12-31,2008-01-01,588,2,73585,0.42900,
1827414,2008-12-31,2008-01-01,588,2,05656,0.44400,
1827413,2008-12-31,2008-01-01,588,2,44378,0.39400,
1827412,2008-12-31,2008-01-01,588,2,20060,0.50900,
1827411,2008-12-31,2008-01-01,588,2,44078,0.46300,
1827410,2008-12-31,2008-01-01,588,2,54498,0.54000,
1827409,2008-12-31,2008-01-01,588,2,05679,0.39500,
1827408,2008-12-31,2008-01-01,588,2,76403,0.45000,
1827407,2008-12-31,2008-01-01,588,2,05347,0.47100,
1827406,2008-12-31,2008-01-01,588,2,05790,0.68000,
1827405,2008-12-31,2008-01-01,588,2,68861,0.41200,
1827404,2008-12-31,2008-01-01,588,2,73411,0.62100,
1827403,2008-12-31,2008-01-01,588,2,15162,0.28100,
1827402,2008-12-31,2008-01-01,588,2,54673,0.55700,
1827401,2008-12-31,2008-01-01,588,2,25326,0.37100,
1827400,2008-12-31,2008-01-01,588,2,05021,0.43800,
1827399,2008-12-31,2008-01-01,588,2,41615,0.53300,
1827398,2008-12-31,2008-01-01,588,2,05034,0.52800,
1827397,2008-12-31,2008-01-01,588,2,41797,0.45100,
1827396,2008-12-31,2008-01-01,588,2,44110,0.41700,
1827395,2008-12-31,2008-01-01,588,2,73671,0.39600,
1827394,2008-12-31,2008-01-01,588,2,25483,0.34800,
1827393,2008-12-31,2008-01-01,588,2,15087,0.42100,
1827392,2008-12-31,2008-01-01,588,2,66440,0.48300,
1827391,2008-12-31,2008-01-01,588,2,20011,0.54200,
1827390,2008-12-31,2008-01-01,588,2,73483,0.52600,
1827389,2008-12-31,2008-01-01,588,2,15244,0.31600,
1827388,2008-12-31,2008-01-01,588,2,54172,0.44500,
1827387,2008-12-31,2008-01-01,588,2,50318,0.51000,
1827386,2008-12-31,2008-01-01,588,2,44098,0.51300,
1827385,2008-12-31,2008-01-01,588,2,76113,0.46700,
1827384,2008-12-31,2008-01-01,588,2,76036,0.44300,
1827383,2008-12-31,2008-01-01,588,2,05789,0.40500,
1827382,2008-12-31,2008-01-01,588,2,17042,0.51700,
1827381,2008-12-31,2008-01-01,588,2,05142,0.38000,
1827380,2008-12-31,2008-01-01,588,2,25815,0.36700,
1827379,2008-12-31,2008-01-01,588,2,52240,0.47700,
1827378,2008-12-31,2008-01-01,588,2,20400,0.43600,
1827377,2008-12-31,2008-01-01,588,2,50313,0.60000,
1827376,2008-12-31,2008-01-01,588,2,25019,0.48700,
1827375,2008-12-31,2008-01-01,588,2,25040,0.37700,
1827374,2008-12-31,2008-01-01,588,2,68500,0.44700,
1827373,2008-12-31,2008-01-01,588,2,15469,0.43000,
1827372,2008-12-31,2008-01-01,588,2,86749,0.56000,
1827371,2008-12-31,2008-01-01,588,2,50568,0.59300,
1827370,2008-12-31,2008-01-01,588,2,25181,0.38600,
1827369,2008-12-31,2008-01-01,588,2,15272,0.29500,
1827368,2008-12-31,2008-01-01,588,2,68575,0.54100,
1827367,2008-12-31,2008-01-01,588,2,15646,0.34900,
1827366,2008-12-31,2008-01-01,588,2,25402,0.48100,
1827365,2008-12-31,2008-01-01,588,2,41132,0.61800,
1827364,2008-12-31,2008-01-01,588,2,41298,0.53500,
1827363,2008-12-31,2008-01-01,588,2,63548,0.66400,
1827362,2008-12-31,2008-01-01,588,2,15514,0.46500,
1827361,2008-12-31,2008-01-01,588,2,05649,0.60200,
1827360,2008-12-31,2008-01-01,588,2,23182,0.38800,
1827359,2008-12-31,2008-01-01,588,2,85230,0.40400,
1827358,2008-12-31,2008-01-01,588,2,25658,0.48900,
1827357,2008-12-31,2008-01-01,588,2,97001,0.48800,
1827356,2008-12-31,2008-01-01,588,2,17513,0.48000,
1827355,2008-12-31,2008-01-01,588,2,25513,0.47200,
1827354,2008-12-31,2008-01-01,588,2,68689,0.46100,
1827353,2008-12-31,2008-01-01,588,2,08770,0.32300,
1827352,2008-12-31,2008-01-01,588,2,25123,0.39900,
1827351,2008-12-31,2008-01-01,588,2,73024,0.53000,
1827350,2008-12-31,2008-01-01,588,2,76364,0.41000,
1827349,2008-12-31,2008-01-01,588,2,68867,0.34400,
1827348,2008-12-31,2008-01-01,588,2,52227,0.52200,
1827347,2008-12-31,2008-01-01,588,2,25312,0.38000,
1827346,2008-12-31,2008-01-01,588,2,05059,0.42300,
1827345,2008-12-31,2008-01-01,588,2,05145,0.54300,
1827344,2008-12-31,2008-01-01,588,2,17777,0.53100,
1827343,2008-12-31,2008-01-01,588,2,68167,0.40500,
1827342,2008-12-31,2008-01-01,588,2,44279,0.53900,
1827341,2008-12-31,2008-01-01,588,2,05425,0.50400,
1827340,2008-12-31,2008-01-01,588,2,17486,0.50100,
1827339,2008-12-31,2008-01-01,588,2,08638,0.40100,
1827338,2008-12-31,2008-01-01,588,2,19364,0.59200,
1827337,2008-12-31,2008-01-01,588,2,17050,0.49500,
1827336,2008-12-31,2008-01-01,588,2,68573,0.56900,
1827335,2008-12-31,2008-01-01,588,2,66045,0.51800,
1827334,2008-12-31,2008-01-01,588,2,15236,0.58500,
1827333,2008-12-31,2008-01-01,588,2,41349,0.52200,
1827332,2008-12-31,2008-01-01,588,2,25489,0.32100,
1827331,2008-12-31,2008-01-01,588,2,52083,0.47100,
1827330,2008-12-31,2008-01-01,588,2,05761,0.57000,
1827329,2008-12-31,2008-01-01,588,2,50110,0.64700,
1827328,2008-12-31,2008-01-01,588,2,05667,0.65100,
1827327,2008-12-31,2008-01-01,588,2,25288,0.30900,
1827326,2008-12-31,2008-01-01,588,2,73563,0.61300,
1827325,2008-12-31,2008-01-01,588,2,68079,0.44000,
1827324,2008-12-31,2008-01-01,588,2,17013,0.59100,
1827323,2008-12-31,2008-01-01,588,2,25797,0.47700,
1827322,2008-12-31,2008-01-01,588,2,08078,0.38200,
1827321,2008-12-31,2008-01-01,588,2,25297,0.41200,
1827320,2008-12-31,2008-01-01,588,2,15814,0.32100,
1827319,2008-12-31,2008-01-01,588,2,44001,0.59600,
1827318,2008-12-31,2008-01-01,588,2,68406,0.45500,
1827317,2008-12-31,2008-01-01,588,2,86001,0.65400,
1827316,2008-12-31,2008-01-01,588,2,25662,0.46800,
1827315,2008-12-31,2008-01-01,588,2,23162,0.41200,
1827314,2008-12-31,2008-01-01,588,2,20013,0.55800,
1827313,2008-12-31,2008-01-01,588,2,73124,0.64000,
1827312,2008-12-31,2008-01-01,588,2,25851,0.39000,
1827311,2008-12-31,2008-01-01,588,2,63302,0.62600,
1827310,2008-12-31,2008-01-01,588,2,25781,0.45900,
1827309,2008-12-31,2008-01-01,588,2,68572,0.54100,
1827308,2008-12-31,2008-01-01,588,2,66687,0.58900,
1827307,2008-12-31,2008-01-01,588,2,63212,0.62700,
1827306,2008-12-31,2008-01-01,588,2,13160,0.67000,
1827305,2008-12-31,2008-01-01,588,2,68147,0.37700,
1827304,2008-12-31,2008-01-01,588,2,54099,0.44200,
1827303,2008-12-31,2008-01-01,588,2,25224,0.31400,
1827302,2008-12-31,2008-01-01,588,2,44650,0.60600,
1827301,2008-12-31,2008-01-01,588,2,76147,0.41700,
1827300,2008-12-31,2008-01-01,588,2,41551,0.57300,
1827299,2008-12-31,2008-01-01,588,2,17653,0.54600,
1827298,2008-12-31,2008-01-01,588,2,25491,0.44700,
1827297,2008-12-31,2008-01-01,588,2,25053,0.46200,
1827296,2008-12-31,2008-01-01,588,2,15638,0.43600,
1827295,2008-12-31,2008-01-01,588,2,25718,0.50000,
1827294,2008-12-31,2008-01-01,588,2,15660,0.50500,
1827293,2008-12-31,2008-01-01,588,2,15820,0.31500,
1827292,2008-12-31,2008-01-01,588,2,27245,0.55600,
1827291,2008-12-31,2008-01-01,588,2,15172,0.51200,
1827290,2008-12-31,2008-01-01,588,2,73770,0.41300,
1827289,2008-12-31,2008-01-01,588,2,25793,0.43900,
1827288,2008-12-31,2008-01-01,588,2,15599,0.38000,
1827287,2008-12-31,2008-01-01,588,2,68533,0.38900,
1827286,2008-12-31,2008-01-01,588,2,08520,0.33400,
1827285,2008-12-31,2008-01-01,588,2,73347,0.52500,
1827284,2008-12-31,2008-01-01,588,2,73873,0.70500,
1827283,2008-12-31,2008-01-01,588,2,25777,0.44200,
1827282,2008-12-31,2008-01-01,588,2,15676,0.32300,
1827281,2008-12-31,2008-01-01,588,2,68522,0.34900,
1827280,2008-12-31,2008-01-01,588,2,25779,0.31900,
1827279,2008-12-31,2008-01-01,588,2,05501,0.66900,
1827278,2008-12-31,2008-01-01,588,2,63111,0.50900,
1827277,2008-12-31,2008-01-01,588,2,05858,0.61300,
1827276,2008-12-31,2008-01-01,588,2,52683,0.51800,
1827275,2008-12-31,2008-01-01,588,2,25151,0.50100,
1827274,2008-12-31,2008-01-01,588,2,50223,0.71200,
1827273,2008-12-31,2008-01-01,588,2,41306,0.54700,
1827272,2008-12-31,2008-01-01,588,2,70742,0.41400,
1827271,2008-12-31,2008-01-01,588,2,86219,0.59400,
1827270,2008-12-31,2008-01-01,588,2,68322,0.32100,
1827269,2008-12-31,2008-01-01,588,2,15114,0.32200,
1827268,2008-12-31,2008-01-01,588,2,73200,0.56800,
1827267,2008-12-31,2008-01-01,588,2,23555,0.53000,
1827266,2008-12-31,2008-01-01,588,2,70717,0.53500,
1827265,2008-12-31,2008-01-01,588,2,76318,0.32800,
1827264,2008-12-31,2008-01-01,588,2,20178,0.56000,
1827263,2008-12-31,2008-01-01,588,2,66383,0.59200,
1827262,2008-12-31,2008-01-01,588,2,76895,0.41100,
1827261,2008-12-31,2008-01-01,588,2,20770,0.52900,
1827260,2008-12-31,2008-01-01,588,2,05031,0.62300,
1827259,2008-12-31,2008-01-01,588,2,17388,0.52300,
1827258,2008-12-31,2008-01-01,588,2,17433,0.60200,
1827257,2008-12-31,2008-01-01,588,2,54553,0.52300,
1827256,2008-12-31,2008-01-01,588,2,05690,0.59900,
1827255,2008-12-31,2008-01-01,588,2,25324,0.39400,
1827254,2008-12-31,2008-01-01,588,2,66318,0.54900,
1827253,2008-12-31,2008-01-01,588,2,52385,0.72200,
1827252,2008-12-31,2008-01-01,588,2,66088,0.56200,
1827251,2008-12-31,2008-01-01,588,2,70820,0.45400,
1827250,2008-12-31,2008-01-01,588,2,25178,0.45500,
1827249,2008-12-31,2008-01-01,588,2,05670,0.56400,
1827248,2008-12-31,2008-01-01,588,2,68872,0.32700,
1827247,2008-12-31,2008-01-01,588,2,15790,0.56100,
1827246,2008-12-31,2008-01-01,588,2,73026,0.57800,
1827245,2008-12-31,2008-01-01,588,2,76834,0.41200,
1827244,2008-12-31,2008-01-01,588,2,76248,0.37800,
1827243,2008-12-31,2008-01-01,588,2,05576,0.38200,
1827242,2008-12-31,2008-01-01,588,2,05756,0.59800,
1827241,2008-12-31,2008-01-01,588,2,08558,0.37300,
1827240,2008-12-31,2008-01-01,588,2,52317,0.47000,
1827239,2008-12-31,2008-01-01,588,2,19212,0.64100,
1827238,2008-12-31,2008-01-01,588,2,25436,0.44000,
1827237,2008-12-31,2008-01-01,588,2,25535,0.45900,
1827236,2008-12-31,2008-01-01,588,2,15224,0.46100,
1827235,2008-12-31,2008-01-01,588,2,23660,0.42700,
1827234,2008-12-31,2008-01-01,588,2,15696,0.33200,
1827233,2008-12-31,2008-01-01,588,2,15667,0.54300,
1827232,2008-12-31,2008-01-01,588,2,17088,0.60600,
1827231,2008-12-31,2008-01-01,588,2,52838,0.54200,
1827230,2008-12-31,2008-01-01,588,2,05306,0.47500,
1827229,2008-12-31,2008-01-01,588,2,68320,0.49900,
1827228,2008-12-31,2008-01-01,588,2,52022,0.49900,
1827227,2008-12-31,2008-01-01,588,2,15761,0.58700,
1827226,2008-12-31,2008-01-01,588,2,66075,0.61500,
1827225,2008-12-31,2008-01-01,588,2,05736,0.62700,
1827224,2008-12-31,2008-01-01,588,2,25807,0.40900,
1827223,2008-12-31,2008-01-01,588,2,25649,0.51300,
1827222,2008-12-31,2008-01-01,588,2,25328,0.49000,
1827221,2008-12-31,2008-01-01,588,2,08675,0.50400,
1827220,2008-12-31,2008-01-01,588,2,52418,0.58700,
1827219,2008-12-31,2008-01-01,588,2,85139,0.68400,
1827218,2008-12-31,2008-01-01,588,2,17442,0.46200,
1827217,2008-12-31,2008-01-01,588,2,47189,0.59500,
1827216,2008-12-31,2008-01-01,588,2,17616,0.58800,
1827215,2008-12-31,2008-01-01,588,2,15425,0.51200,
1827214,2008-12-31,2008-01-01,588,2,25530,0.50600,
1827213,2008-12-31,2008-01-01,588,2,68669,0.38700,
1827212,2008-12-31,2008-01-01,588,2,73270,0.52200,
1827211,2008-12-31,2008-01-01,588,2,73352,0.64100,
1827210,2008-12-31,2008-01-01,588,2,73283,0.53900,
1827209,2008-12-31,2008-01-01,588,2,15380,0.33800,
1827208,2008-12-31,2008-01-01,588,2,15835,0.33800,
1827207,2008-12-31,2008-01-01,588,2,19807,0.58400,
1827206,2008-12-31,2008-01-01,588,2,97161,0.71200,
1827205,2008-12-31,2008-01-01,588,2,17867,0.54900,
1827204,2008-12-31,2008-01-01,588,2,25095,0.62300,
1827203,2008-12-31,2008-01-01,588,2,15798,0.45000,
1827202,2008-12-31,2008-01-01,588,2,15325,0.49600,
1827201,2008-12-31,2008-01-01,588,2,15600,0.42700,
1827200,2008-12-31,2008-01-01,588,2,54599,0.39400,
1827199,2008-12-31,2008-01-01,588,2,73319,0.51100,
1827198,2008-12-31,2008-01-01,588,2,25645,0.69500,
1827197,2008-12-31,2008-01-01,588,2,50287,0.58700,
1827196,2008-12-31,2008-01-01,588,2,25086,0.45500,
1827195,2008-12-31,2008-01-01,588,2,50124,0.52800,
1827194,2008-12-31,2008-01-01,588,2,15897,0.49700,
1827193,2008-12-31,2008-01-01,588,2,15223,0.62200,
1827192,2008-12-31,2008-01-01,588,2,76111,0.40800,
1827191,2008-12-31,2008-01-01,588,2,05209,0.52500,
1827190,2008-12-31,2008-01-01,588,2,68855,0.36600,
1827189,2008-12-31,2008-01-01,588,2,05674,0.49500,
1827188,2008-12-31,2008-01-01,588,2,68207,0.54200,
1827187,2008-12-31,2008-01-01,588,2,41807,0.57600,
1827186,2008-12-31,2008-01-01,588,2,25878,0.56900,
1827185,2008-12-31,2008-01-01,588,2,19821,0.70700,
1827184,2008-12-31,2008-01-01,588,2,15051,0.41300,
1827183,2008-12-31,2008-01-01,588,2,68549,0.37800,
1827182,2008-12-31,2008-01-01,588,2,66594,0.54800,
1827181,2008-12-31,2008-01-01,588,2,25335,0.44200,
1827180,2008-12-31,2008-01-01,588,2,05086,0.45200,
1827179,2008-12-31,2008-01-01,588,2,18247,0.68000,
1827178,2008-12-31,2008-01-01,588,2,05660,0.67200,
1827177,2008-12-31,2008-01-01,588,2,17444,0.55700,
1827176,2008-12-31,2008-01-01,588,2,25867,0.42400,
1827175,2008-12-31,2008-01-01,588,2,44420,0.69800,
1827174,2008-12-31,2008-01-01,588,2,68211,0.39100,
1827173,2008-12-31,2008-01-01,588,2,05002,0.57600,
1827172,2008-12-31,2008-01-01,588,2,15500,0.34700,
1827171,2008-12-31,2008-01-01,588,2,15861,0.47500,
1827170,2008-12-31,2008-01-01,588,2,76520,0.34200,
1827169,2008-12-31,2008-01-01,588,2,08372,0.35900,
1827168,2008-12-31,2008-01-01,588,2,25426,0.38000,
1827167,2008-12-31,2008-01-01,588,2,05847,0.64300,
1827166,2008-12-31,2008-01-01,588,2,25596,0.53200,
1827165,2008-12-31,2008-01-01,588,2,86755,0.58000,
1827164,2008-12-31,2008-01-01,588,2,41801,0.55900,
1827163,2008-12-31,2008-01-01,588,2,13430,0.50700,
1827162,2008-12-31,2008-01-01,588,2,15464,0.37000,
1827161,2008-12-31,2008-01-01,588,2,15276,0.36100,
1827160,2008-12-31,2008-01-01,588,2,20517,0.54400,
1827159,2008-12-31,2008-01-01,588,2,70823,0.59800,
1827158,2008-12-31,2008-01-01,588,2,17272,0.58500,
1827157,2008-12-31,2008-01-01,588,2,13683,0.62200,
1827156,2008-12-31,2008-01-01,588,2,13894,0.52100,
1827155,2008-12-31,2008-01-01,588,2,52323,0.57200,
1827154,2008-12-31,2008-01-01,588,2,52573,0.55500,
1827153,2008-12-31,2008-01-01,588,2,68770,0.49200,
1827152,2008-12-31,2008-01-01,588,2,41872,0.56800,
1827151,2008-12-31,2008-01-01,588,2,05240,0.55300,
1827150,2008-12-31,2008-01-01,588,2,20295,0.51000,
1827149,2008-12-31,2008-01-01,588,2,68092,0.44800,
1827148,2008-12-31,2008-01-01,588,2,05091,0.49000,
1827147,2008-12-31,2008-01-01,588,2,15097,0.37600,
1827146,2008-12-31,2008-01-01,588,2,41078,0.70000,
1827145,2008-12-31,2008-01-01,588,2,86760,0.66000,
1827144,2008-12-31,2008-01-01,588,2,20228,0.60600,
1827143,2008-12-31,2008-01-01,588,2,94001,0.67300,
1827142,2008-12-31,2008-01-01,588,2,15401,0.41400,
1827141,2008-12-31,2008-01-01,588,2,68229,0.45400,
1827140,2008-12-31,2008-01-01,588,2,05284,0.59000,
1827139,2008-12-31,2008-01-01,588,2,20045,0.58300,
1827138,2008-12-31,2008-01-01,588,2,25743,0.54100,
1827137,2008-12-31,2008-01-01,588,2,27810,0.44100,
1827136,2008-12-31,2008-01-01,588,2,15090,0.43900,
1827135,2008-12-31,2008-01-01,588,2,05480,0.68000,
1827134,2008-12-31,2008-01-01,588,2,23466,0.69300,
1827133,2008-12-31,2008-01-01,588,2,25805,0.50100,
1827132,2008-12-31,2008-01-01,588,2,68344,0.37100,
1827131,2008-12-31,2008-01-01,588,2,08606,0.40900,
1827130,2008-12-31,2008-01-01,588,2,15839,0.64600,
1827129,2008-12-31,2008-01-01,588,2,15778,0.53000,
1827128,2008-12-31,2008-01-01,588,2,41799,0.59500,
1827127,2008-12-31,2008-01-01,588,2,15189,0.36100,
1827126,2008-12-31,2008-01-01,588,2,73226,0.66900,
1827125,2008-12-31,2008-01-01,588,2,15332,0.38300,
1827124,2008-12-31,2008-01-01,588,2,15403,0.44700,
1827123,2008-12-31,2008-01-01,588,2,68013,0.41400,
1827122,2008-12-31,2008-01-01,588,2,85250,0.59700,
1827121,2008-12-31,2008-01-01,588,2,68190,0.65200,
1827120,2008-12-31,2008-01-01,588,2,15248,0.35800,
1827119,2008-12-31,2008-01-01,588,2,05467,0.57700,
1827118,2008-12-31,2008-01-01,588,2,20443,0.54400,
1827117,2008-12-31,2008-01-01,588,2,70110,0.53300,
1827116,2008-12-31,2008-01-01,588,2,19548,0.62900,
1827115,2008-12-31,2008-01-01,588,2,05093,0.63100,
1827114,2008-12-31,2008-01-01,588,2,15296,0.47400,
1827113,2008-12-31,2008-01-01,588,2,20750,0.63800,
1827112,2008-12-31,2008-01-01,588,2,17446,0.54300,
1827111,2008-12-31,2008-01-01,588,2,52585,0.50600,
1827110,2008-12-31,2008-01-01,588,2,25394,0.49300,
1827109,2008-12-31,2008-01-01,588,2,41319,0.58700,
1827108,2008-12-31,2008-01-01,588,2,25871,0.65000,
1827107,2008-12-31,2008-01-01,588,2,15092,0.36000,
1827106,2008-12-31,2008-01-01,588,2,17665,0.55500,
1827105,2008-12-31,2008-01-01,588,2,25372,0.40700,
1827104,2008-12-31,2008-01-01,588,2,17541,0.65000,
1827103,2008-12-31,2008-01-01,588,2,15832,0.44200,
1827102,2008-12-31,2008-01-01,588,2,15522,0.43100,
1827101,2008-12-31,2008-01-01,588,2,81736,0.75000,
1827100,2008-12-31,2008-01-01,588,2,44430,0.60900,
1827099,2008-12-31,2008-01-01,588,2,17495,0.61800,
1827098,2008-12-31,2008-01-01,588,2,54239,0.68900,
1827097,2008-12-31,2008-01-01,588,2,15317,0.37000,
1827096,2008-12-31,2008-01-01,588,2,15226,0.68600,
1827095,2008-12-31,2008-01-01,588,2,05313,0.70100,
1827094,2008-12-31,2008-01-01,588,2,15720,0.39600,
1827093,2008-12-31,2008-01-01,588,2,41396,0.58500,
1827092,2008-12-31,2008-01-01,588,2,05206,0.52600,
1827091,2008-12-31,2008-01-01,588,2,54261,0.60000,
1827090,2008-12-31,2008-01-01,588,2,52685,0.42300,
1827089,2008-12-31,2008-01-01,588,2,85015,0.40700,
1827088,2008-12-31,2008-01-01,588,2,05854,0.79600,
1827087,2008-12-31,2008-01-01,588,2,52720,0.50200,
1827086,2008-12-31,2008-01-01,588,2,05642,0.53700,
1827085,2008-12-31,2008-01-01,588,2,54313,0.45100,
1827084,2008-12-31,2008-01-01,588,2,05315,0.49400,
1827083,2008-12-31,2008-01-01,588,2,52687,0.60500,
1827082,2008-12-31,2008-01-01,588,2,68209,0.39900,
1827081,2008-12-31,2008-01-01,588,2,99001,0.63200,
1827080,2008-12-31,2008-01-01,588,2,52693,0.54600,
1827079,2008-12-31,2008-01-01,588,2,76892,0.32000,
1827078,2008-12-31,2008-01-01,588,2,15764,0.52800,
1827077,2008-12-31,2008-01-01,588,2,15187,0.38400,
1827076,2008-12-31,2008-01-01,588,2,25407,0.47500,
1827075,2008-12-31,2008-01-01,588,2,25594,0.39500,
1827074,2008-12-31,2008-01-01,588,2,25293,0.40900,
1827073,2008-12-31,2008-01-01,588,2,47288,0.69900,
1827072,2008-12-31,2008-01-01,588,2,15480,0.62800,
1827071,2008-12-31,2008-01-01,588,2,50270,0.52400,
1827070,2008-12-31,2008-01-01,588,2,15204,0.37400,
1827069,2008-12-31,2008-01-01,588,2,73870,0.67200,
1827068,2008-12-31,2008-01-01,588,2,05893,0.73400,
1827067,2008-12-31,2008-01-01,588,2,19513,0.56700,
1827066,2008-12-31,2008-01-01,588,2,52399,0.57400,
1827065,2008-12-31,2008-01-01,588,2,20238,0.61200,
1827064,2008-12-31,2008-01-01,588,2,52506,0.57500,
1827063,2008-12-31,2008-01-01,588,2,08849,0.37100,
1827062,2008-12-31,2008-01-01,588,2,50245,0.46200,
1827061,2008-12-31,2008-01-01,588,2,25506,0.68400,
1827060,2008-12-31,2008-01-01,588,2,27205,0.64800,
1827059,2008-12-31,2008-01-01,588,2,23417,0.49400,
1827058,2008-12-31,2008-01-01,588,2,68271,0.55200,
1827057,2008-12-31,2008-01-01,588,2,41518,0.58000,
1827056,2008-12-31,2008-01-01,588,2,66456,0.69500,
1827055,2008-12-31,2008-01-01,588,2,15047,0.43300,
1827054,2008-12-31,2008-01-01,588,2,85430,0.54400,
1827053,2008-12-31,2008-01-01,588,2,25592,0.40300,
1827052,2008-12-31,2008-01-01,588,2,73686,0.75500,
1827051,2008-12-31,2008-01-01,588,2,47675,0.46800,
1827050,2008-12-31,2008-01-01,588,2,70235,0.58600,
1827049,2008-12-31,2008-01-01,588,2,68368,0.62200,
1827048,2008-12-31,2008-01-01,588,2,73168,0.73500,
1827047,2008-12-31,2008-01-01,588,2,27160,0.38800,
1827046,2008-12-31,2008-01-01,588,2,41244,0.61700,
1827045,2008-12-31,2008-01-01,588,2,73236,0.73900,
1827044,2008-12-31,2008-01-01,588,2,15550,0.76400,
1827043,2008-12-31,2008-01-01,588,2,68524,0.43500,
1827042,2008-12-31,2008-01-01,588,2,25154,0.39900,
1827041,2008-12-31,2008-01-01,588,2,15776,0.41200,
1827040,2008-12-31,2008-01-01,588,2,13838,0.49600,
1827039,2008-12-31,2008-01-01,588,2,25168,0.60100,
1827038,2008-12-31,2008-01-01,588,2,52885,0.47400,
1827037,2008-12-31,2008-01-01,588,2,19142,0.71600,
1827036,2008-12-31,2008-01-01,588,2,68296,0.51100,
1827035,2008-12-31,2008-01-01,588,2,15511,0.37500,
1827034,2008-12-31,2008-01-01,588,2,81591,0.64100,
1827033,2008-12-31,2008-01-01,588,2,05604,0.60800,
1827032,2008-12-31,2008-01-01,588,2,68377,0.59700,
1827031,2008-12-31,2008-01-01,588,2,52786,0.70600,
1827030,2008-12-31,2008-01-01,588,2,68255,0.53900,
1827029,2008-12-31,2008-01-01,588,2,85315,0.75300,
1827028,2008-12-31,2008-01-01,588,2,05885,0.74000,
1827027,2008-12-31,2008-01-01,588,2,68245,0.56800,
1827026,2008-12-31,2008-01-01,588,2,68051,0.44600,
1827025,2008-12-31,2008-01-01,588,2,15762,0.37700,
1827024,2008-12-31,2008-01-01,588,2,13052,0.48800,
1827023,2008-12-31,2008-01-01,588,2,68615,0.54500,
1827022,2008-12-31,2008-01-01,588,2,54347,0.39100,
1827021,2008-12-31,2008-01-01,588,2,52560,0.51400,
1827020,2008-12-31,2008-01-01,588,2,52405,0.71300,
1827019,2008-12-31,2008-01-01,588,2,25841,0.43000,
1827018,2008-12-31,2008-01-01,588,2,19743,0.61100,
1827017,2008-12-31,2008-01-01,588,2,25839,0.47300,
1827016,2008-12-31,2008-01-01,588,2,54820,0.54100,
1827015,2008-12-31,2008-01-01,588,2,15367,0.46200,
1827014,2008-12-31,2008-01-01,588,2,68444,0.54000,
1827013,2008-12-31,2008-01-01,588,2,68418,0.43900,
1827012,2008-12-31,2008-01-01,588,2,23079,0.57200,
1827011,2008-12-31,2008-01-01,588,2,15022,0.43600,
1827010,2008-12-31,2008-01-01,588,2,25299,0.41500,
1827009,2008-12-31,2008-01-01,588,2,15686,0.51700,
1827008,2008-12-31,2008-01-01,588,2,73675,0.69500,
1827007,2008-12-31,2008-01-01,588,2,20621,0.65300,
1827006,2008-12-31,2008-01-01,588,2,41013,0.50900,
1827005,2008-12-31,2008-01-01,588,2,50683,0.79600,
1827004,2008-12-31,2008-01-01,588,2,08137,0.41500,
1827003,2008-12-31,2008-01-01,588,2,52207,0.65200,
1827002,2008-12-31,2008-01-01,588,2,73622,0.76200,
1827001,2008-12-31,2008-01-01,588,2,73520,0.59600,
1827000,2008-12-31,2008-01-01,588,2,15804,0.44900,
1826999,2008-12-31,2008-01-01,588,2,81220,0.75400,
1826998,2008-12-31,2008-01-01,588,2,05234,0.71000,
1826997,2008-12-31,2008-01-01,588,2,86885,0.73200,
1826996,2008-12-31,2008-01-01,588,2,52565,0.59900,
1826995,2008-12-31,2008-01-01,588,2,44035,0.53000,
1826994,2008-12-31,2008-01-01,588,2,68179,0.47500,
1826993,2008-12-31,2008-01-01,588,2,47605,0.51200,
1826992,2008-12-31,2008-01-01,588,2,66572,0.69700,
1826991,2008-12-31,2008-01-01,588,2,41791,0.57000,
1826990,2008-12-31,2008-01-01,588,2,18205,0.74900,
1826989,2008-12-31,2008-01-01,588,2,68121,0.40300,
1826988,2008-12-31,2008-01-01,588,2,05837,0.69500,
1826987,2008-12-31,2008-01-01,588,2,15879,0.38500,
1826986,2008-12-31,2008-01-01,588,2,41357,0.58300,
1826985,2008-12-31,2008-01-01,588,2,15808,0.38500,
1826984,2008-12-31,2008-01-01,588,2,68682,0.61200,
1826983,2008-12-31,2008-01-01,588,2,81794,0.79900,
1826982,2008-12-31,2008-01-01,588,2,15580,0.50700,
1826981,2008-12-31,2008-01-01,588,2,18256,0.75900,
1826980,2008-12-31,2008-01-01,588,2,27001,0.68200,
1826979,2008-12-31,2008-01-01,588,2,15131,0.38800,
1826978,2008-12-31,2008-01-01,588,2,05652,0.72900,
1826977,2008-12-31,2008-01-01,588,2,13647,0.44100,
1826976,2008-12-31,2008-01-01,588,2,15763,0.39700,
1826975,2008-12-31,2008-01-01,588,2,13042,0.55500,
1826974,2008-12-31,2008-01-01,588,2,68498,0.41100,
1826973,2008-12-31,2008-01-01,588,2,68020,0.56900,
1826972,2008-12-31,2008-01-01,588,2,73854,0.51500,
1826971,2008-12-31,2008-01-01,588,2,25258,0.60100,
1826970,2008-12-31,2008-01-01,588,2,73043,0.71000,
1826969,2008-12-31,2008-01-01,588,2,19290,0.65500,
1826968,2008-12-31,2008-01-01,588,2,68780,0.49000,
1826967,2008-12-31,2008-01-01,588,2,52320,0.52800,
1826966,2008-12-31,2008-01-01,588,2,20550,0.71200,
1826965,2008-12-31,2008-01-01,588,2,25524,0.52700,
1826964,2008-12-31,2008-01-01,588,2,47205,0.41400,
1826963,2008-12-31,2008-01-01,588,2,68176,0.71100,
1826962,2008-12-31,2008-01-01,588,2,47707,0.47200,
1826961,2008-12-31,2008-01-01,588,2,05038,0.58000,
1826960,2008-12-31,2008-01-01,588,2,08421,0.50300,
1826959,2008-12-31,2008-01-01,588,2,41668,0.64900,
1826958,2008-12-31,2008-01-01,588,2,68162,0.40300,
1826957,2008-12-31,2008-01-01,588,2,68464,0.48800,
1826956,2008-12-31,2008-01-01,588,2,85325,0.53800,
1826955,2008-12-31,2008-01-01,588,2,25438,0.58600,
1826954,2008-12-31,2008-01-01,588,2,54810,0.78400,
1826953,2008-12-31,2008-01-01,588,2,25368,0.62200,
1826952,2008-12-31,2008-01-01,588,2,08436,0.45100,
1826951,2008-12-31,2008-01-01,588,2,15542,0.42700,
1826950,2008-12-31,2008-01-01,588,2,70508,0.70000,
1826949,2008-12-31,2008-01-01,588,2,44560,0.49700,
1826948,2008-12-31,2008-01-01,588,2,54680,0.55600,
1826947,2008-12-31,2008-01-01,588,2,52354,0.59600,
1826946,2008-12-31,2008-01-01,588,2,41020,0.76900,
1826945,2008-12-31,2008-01-01,588,2,15104,0.48300,
1826944,2008-12-31,2008-01-01,588,2,05890,0.59200,
1826943,2008-12-31,2008-01-01,588,2,20250,0.59500,
1826942,2008-12-31,2008-01-01,588,2,52540,0.82200,
1826941,2008-12-31,2008-01-01,588,2,08832,0.49100,
1826940,2008-12-31,2008-01-01,588,2,68820,0.51100,
1826939,2008-12-31,2008-01-01,588,2,52352,0.55300,
1826938,2008-12-31,2008-01-01,588,2,52256,0.74900,
1826937,2008-12-31,2008-01-01,588,2,73504,0.65400,
1826936,2008-12-31,2008-01-01,588,2,25398,0.46500,
1826935,2008-12-31,2008-01-01,588,2,23350,0.63300,
1826934,2008-12-31,2008-01-01,588,2,68160,0.64600,
1826933,2008-12-31,2008-01-01,588,2,15774,0.52500,
1826932,2008-12-31,2008-01-01,588,2,05411,0.47900,
1826931,2008-12-31,2008-01-01,588,2,81065,0.80800,
1826930,2008-12-31,2008-01-01,588,2,68673,0.55800,
1826929,2008-12-31,2008-01-01,588,2,15377,0.67900,
1826928,2008-12-31,2008-01-01,588,2,05197,0.65800,
1826927,2008-12-31,2008-01-01,588,2,15842,0.50000,
1826926,2008-12-31,2008-01-01,588,2,15740,0.51700,
1826925,2008-12-31,2008-01-01,588,2,52110,0.63400,
1826924,2008-12-31,2008-01-01,588,2,13760,0.42600,
1826923,2008-12-31,2008-01-01,588,2,18479,0.76600,
1826922,2008-12-31,2008-01-01,588,2,70670,0.50800,
1826921,2008-12-31,2008-01-01,588,2,70473,0.58800,
1826920,2008-12-31,2008-01-01,588,2,15494,0.43200,
1826919,2008-12-31,2008-01-01,588,2,15476,0.39800,
1826918,2008-12-31,2008-01-01,588,2,05113,0.52500,
1826917,2008-12-31,2008-01-01,588,2,25148,0.55300,
1826916,2008-12-31,2008-01-01,588,2,15507,0.61500,
1826915,2008-12-31,2008-01-01,588,2,73152,0.64400,
1826914,2008-12-31,2008-01-01,588,2,15106,0.49000,
1826913,2008-12-31,2008-01-01,588,2,68397,0.57700,
1826912,2008-12-31,2008-01-01,588,2,05107,0.71300,
1826911,2008-12-31,2008-01-01,588,2,68705,0.48500,
1826910,2008-12-31,2008-01-01,588,2,13248,0.51400,
1826909,2008-12-31,2008-01-01,588,2,44090,0.77200,
1826908,2008-12-31,2008-01-01,588,2,20310,0.59000,
1826907,2008-12-31,2008-01-01,588,2,68324,0.48200,
1826906,2008-12-31,2008-01-01,588,2,73461,0.76900,
1826905,2008-12-31,2008-01-01,588,2,47268,0.61900,
1826904,2008-12-31,2008-01-01,588,2,05134,0.76900,
1826903,2008-12-31,2008-01-01,588,2,15180,0.51800,
1826902,2008-12-31,2008-01-01,588,2,19532,0.75400,
1826901,2008-12-31,2008-01-01,588,2,85263,0.63700,
1826900,2008-12-31,2008-01-01,588,2,52260,0.63500,
1826899,2008-12-31,2008-01-01,588,2,13468,0.61000,
1826898,2008-12-31,2008-01-01,588,2,15185,0.53800,
1826897,2008-12-31,2008-01-01,588,2,85279,0.67500,
1826896,2008-12-31,2008-01-01,588,2,25281,0.41600,
1826895,2008-12-31,2008-01-01,588,2,54520,0.43800,
1826894,2008-12-31,2008-01-01,588,2,47058,0.59100,
1826893,2008-12-31,2008-01-01,588,2,05040,0.81300,
1826892,2008-12-31,2008-01-01,588,2,76001,0.29400,
1826891,2008-12-31,2008-01-01,588,2,05842,0.65700,
1826890,2008-12-31,2008-01-01,588,2,68264,0.44700,
1826889,2008-12-31,2008-01-01,588,2,27495,0.69900,
1826888,2008-12-31,2008-01-01,588,2,70400,0.47500,
1826887,2008-12-31,2008-01-01,588,2,41359,0.65600,
1826886,2008-12-31,2008-01-01,588,2,52019,0.48200,
1826885,2008-12-31,2008-01-01,588,2,70418,0.60400,
1826884,2008-12-31,2008-01-01,588,2,08560,0.46200,
1826883,2008-12-31,2008-01-01,588,2,52254,0.75900,
1826882,2008-12-31,2008-01-01,588,2,27372,0.66300,
1826881,2008-12-31,2008-01-01,588,2,25862,0.54700,
1826880,2008-12-31,2008-01-01,588,2,81300,0.78600,
1826879,2008-12-31,2008-01-01,588,2,15816,0.53400,
1826878,2008-12-31,2008-01-01,588,2,15673,0.59600,
1826877,2008-12-31,2008-01-01,588,2,54418,0.57400,
1826876,2008-12-31,2008-01-01,588,2,15518,0.76300,
1826875,2008-12-31,2008-01-01,588,2,15135,0.59900,
1826874,2008-12-31,2008-01-01,588,2,08141,0.41600,
1826873,2008-12-31,2008-01-01,588,2,68266,0.54200,
1826872,2008-12-31,2008-01-01,588,2,52287,0.61300,
1826871,2008-12-31,2008-01-01,588,2,15531,0.58700,
1826870,2008-12-31,2008-01-01,588,2,54377,0.45800,
1826869,2008-12-31,2008-01-01,588,2,68235,0.60300,
1826868,2008-12-31,2008-01-01,588,2,05044,0.70100,
1826867,2008-12-31,2008-01-01,588,2,52203,0.69500,
1826866,2008-12-31,2008-01-01,588,2,15755,0.49500,
1826865,2008-12-31,2008-01-01,588,2,52258,0.65700,
1826864,2008-12-31,2008-01-01,588,2,23672,0.75600,
1826863,2008-12-31,2008-01-01,588,2,23464,0.49100,
1826862,2008-12-31,2008-01-01,588,2,19780,0.69200,
1826861,2008-12-31,2008-01-01,588,2,68169,0.57200,
1826860,2008-12-31,2008-01-01,588,2,15218,0.49300,
1826859,2008-12-31,2008-01-01,588,2,15664,0.57400,
1826858,2008-12-31,2008-01-01,588,2,17662,0.76200,
1826857,2008-12-31,2008-01-01,588,2,05138,0.60000,
1826856,2008-12-31,2008-01-01,588,2,23586,0.43500,
1826855,2008-12-31,2008-01-01,588,2,95001,0.82600,
1826854,2008-12-31,2008-01-01,588,2,47030,0.71900,
1826853,2008-12-31,2008-01-01,588,2,13620,0.42300,
1826852,2008-12-31,2008-01-01,588,2,68745,0.77300,
1826851,2008-12-31,2008-01-01,588,2,50686,0.46900,
1826850,2008-12-31,2008-01-01,588,2,54174,0.70700,
1826849,2008-12-31,2008-01-01,588,2,70702,0.53900,
1826848,2008-12-31,2008-01-01,588,2,05895,0.78400,
1826847,2008-12-31,2008-01-01,588,2,15621,0.48500,
1826846,2008-12-31,2008-01-01,588,2,05483,0.71700,
1826845,2008-12-31,2008-01-01,588,2,54660,0.58100,
1826844,2008-12-31,2008-01-01,588,2,27135,0.54800,
1826843,2008-12-31,2008-01-01,588,2,41483,0.69200,
1826842,2008-12-31,2008-01-01,588,2,52678,0.80100,
1826841,2008-12-31,2008-01-01,588,2,99624,0.62600,
1826840,2008-12-31,2008-01-01,588,2,15109,0.61500,
1826839,2008-12-31,2008-01-01,588,2,05647,0.77500,
1826838,2008-12-31,2008-01-01,588,2,05120,0.72800,
1826837,2008-12-31,2008-01-01,588,2,20614,0.61700,
1826836,2008-12-31,2008-01-01,588,2,20787,0.62200,
1826835,2008-12-31,2008-01-01,588,2,41548,0.61200,
1826834,2008-12-31,2008-01-01,588,2,41378,0.71000,
1826833,2008-12-31,2008-01-01,588,2,23168,0.46100,
1826832,2008-12-31,2008-01-01,588,2,27361,0.81700,
1826831,2008-12-31,2008-01-01,588,2,68425,0.42600,
1826830,2008-12-31,2008-01-01,588,2,50251,0.81700,
1826829,2008-12-31,2008-01-01,588,2,13673,0.60100,
1826828,2008-12-31,2008-01-01,588,2,50330,0.88100,
1826827,2008-12-31,2008-01-01,588,2,52411,0.73300,
1826826,2008-12-31,2008-01-01,588,2,86865,0.81100,
1826825,2008-12-31,2008-01-01,588,2,73555,0.78900,
1826824,2008-12-31,2008-01-01,588,2,15368,0.47600,
1826823,2008-12-31,2008-01-01,588,2,20383,0.66300,
1826822,2008-12-31,2008-01-01,588,2,52210,0.48600,
1826821,2008-12-31,2008-01-01,588,2,68684,0.57600,
1826820,2008-12-31,2008-01-01,588,2,70523,0.50500,
1826819,2008-12-31,2008-01-01,588,2,52788,0.57900,
1826818,2008-12-31,2008-01-01,588,2,05543,0.57500,
1826817,2008-12-31,2008-01-01,588,2,41676,0.67500,
1826816,2008-12-31,2008-01-01,588,2,73624,0.78900,
1826815,2008-12-31,2008-01-01,588,2,05051,0.57100,
1826814,2008-12-31,2008-01-01,588,2,05250,0.69500,
1826813,2008-12-31,2008-01-01,588,2,18610,0.79300,
1826812,2008-12-31,2008-01-01,588,2,70221,0.62300,
1826811,2008-12-31,2008-01-01,588,2,18094,0.76800,
1826810,2008-12-31,2008-01-01,588,2,54871,0.66900,
1826809,2008-12-31,2008-01-01,588,2,41206,0.84900,
1826808,2008-12-31,2008-01-01,588,2,73217,0.67700,
1826807,2008-12-31,2008-01-01,588,2,19760,0.62800,
1826806,2008-12-31,2008-01-01,588,2,13433,0.49700,
1826805,2008-12-31,2008-01-01,588,2,52699,0.83300,
1826804,2008-12-31,2008-01-01,588,2,15632,0.51300,
1826803,2008-12-31,2008-01-01,588,2,52215,0.77300,
1826802,2008-12-31,2008-01-01,588,2,50400,0.74800,
1826801,2008-12-31,2008-01-01,588,2,25120,0.78000,
1826800,2008-12-31,2008-01-01,588,2,70708,0.54100,
1826799,2008-12-31,2008-01-01,588,2,25580,0.62700,
1826798,2008-12-31,2008-01-01,588,2,41503,0.66300,
1826797,2008-12-31,2008-01-01,588,2,68217,0.57100,
1826796,2008-12-31,2008-01-01,588,2,25653,0.48300,
1826795,2008-12-31,2008-01-01,588,2,54385,0.71300,
1826794,2008-12-31,2008-01-01,588,2,15293,0.43000,
1826793,2008-12-31,2008-01-01,588,2,15212,0.52000,
1826792,2008-12-31,2008-01-01,588,2,68318,0.68000,
1826791,2008-12-31,2008-01-01,588,2,68101,0.75800,
1826790,2008-12-31,2008-01-01,588,2,19473,0.66400,
1826789,2008-12-31,2008-01-01,588,2,13062,0.43900,
1826788,2008-12-31,2008-01-01,588,2,19137,0.63200,
1826787,2008-12-31,2008-01-01,588,2,05628,0.70300,
1826786,2008-12-31,2008-01-01,588,2,52233,0.81800,
1826785,2008-12-31,2008-01-01,588,2,47053,0.76200,
1826784,2008-12-31,2008-01-01,588,2,13188,0.52400,
1826783,2008-12-31,2008-01-01,588,2,86320,0.76300,
1826782,2008-12-31,2008-01-01,588,2,15232,0.43300,
1826781,2008-12-31,2008-01-01,588,2,47745,0.55800,
1826780,2008-12-31,2008-01-01,588,2,54743,0.43400,
1826779,2008-12-31,2008-01-01,588,2,68152,0.55800,
1826778,2008-12-31,2008-01-01,588,2,47551,0.70700,
1826777,2008-12-31,2008-01-01,588,2,73067,0.72300,
1826776,2008-12-31,2008-01-01,588,2,47161,0.57300,
1826775,2008-12-31,2008-01-01,588,2,50450,0.74800,
1826774,2008-12-31,2008-01-01,588,2,23570,0.52400,
1826773,2008-12-31,2008-01-01,588,2,52694,0.50600,
1826772,2008-12-31,2008-01-01,588,2,54125,0.60800,
1826771,2008-12-31,2008-01-01,588,2,68773,0.68300,
1826770,2008-12-31,2008-01-01,588,2,05665,0.67600,
1826769,2008-12-31,2008-01-01,588,2,54051,0.57000,
1826768,2008-12-31,2008-01-01,588,2,13688,0.74400,
1826767,2008-12-31,2008-01-01,588,2,86569,0.82800,
1826766,2008-12-31,2008-01-01,588,2,05055,0.80000,
1826765,2008-12-31,2008-01-01,588,2,05125,0.73900,
1826764,2008-12-31,2008-01-01,588,2,13780,0.50600,
1826763,2008-12-31,2008-01-01,588,2,54480,0.56000,
1826762,2008-12-31,2008-01-01,588,2,52835,0.81300,
1826761,2008-12-31,2008-01-01,588,2,52378,0.60800,
1826760,2008-12-31,2008-01-01,588,2,15822,0.45400,
1826759,2008-12-31,2008-01-01,588,2,47258,0.50000,
1826758,2008-12-31,2008-01-01,588,2,68502,0.64200,
1826757,2008-12-31,2008-01-01,588,2,13440,0.54600,
1826756,2008-12-31,2008-01-01,588,2,44847,0.45400,
1826755,2008-12-31,2008-01-01,588,2,23189,0.52000,
1826754,2008-12-31,2008-01-01,588,2,47245,0.61900,
1826753,2008-12-31,2008-01-01,588,2,68385,0.74200,
1826752,2008-12-31,2008-01-01,588,2,23855,0.75500,
1826751,2008-12-31,2008-01-01,588,2,13222,0.58700,
1826750,2008-12-31,2008-01-01,588,2,19517,0.72200,
1826749,2008-12-31,2008-01-01,588,2,13212,0.66900,
1826748,2008-12-31,2008-01-01,588,2,41530,0.64900,
1826747,2008-12-31,2008-01-01,588,2,18592,0.81700,
1826746,2008-12-31,2008-01-01,588,2,19824,0.63000,
1826745,2008-12-31,2008-01-01,588,2,23686,0.62600,
1826744,2008-12-31,2008-01-01,588,2,41770,0.77100,
1826743,2008-12-31,2008-01-01,588,2,27660,0.83800,
1826742,2008-12-31,2008-01-01,588,2,13657,0.59500,
1826741,2008-12-31,2008-01-01,588,2,25518,0.60200,
1826740,2008-12-31,2008-01-01,588,2,50590,0.89900,
1826739,2008-12-31,2008-01-01,588,2,13873,0.55700,
1826738,2008-12-31,2008-01-01,588,2,05361,0.86800,
1826737,2008-12-31,2008-01-01,588,2,86568,0.85700,
1826736,2008-12-31,2008-01-01,588,2,47555,0.59700,
1826735,2008-12-31,2008-01-01,588,2,27491,0.80700,
1826734,2008-12-31,2008-01-01,588,2,68468,0.48400,
1826733,2008-12-31,2008-01-01,588,2,68298,0.59900,
1826732,2008-12-31,2008-01-01,588,2,27006,0.60300,
1826731,2008-12-31,2008-01-01,588,2,70124,0.49400,
1826730,2008-12-31,2008-01-01,588,2,68250,0.72300,
1826729,2008-12-31,2008-01-01,588,2,73616,0.80400,
1826728,2008-12-31,2008-01-01,588,2,23580,0.88000,
1826727,2008-12-31,2008-01-01,588,2,70713,0.63500,
1826726,2008-12-31,2008-01-01,588,2,68720,0.68700,
1826725,2008-12-31,2008-01-01,588,2,54720,0.78700,
1826724,2008-12-31,2008-01-01,588,2,18029,0.80600,
1826723,2008-12-31,2008-01-01,588,2,20032,0.60500,
1826722,2008-12-31,2008-01-01,588,2,15810,0.45100,
1826721,2008-12-31,2008-01-01,588,2,70233,0.56800,
1826720,2008-12-31,2008-01-01,588,2,52036,0.66100,
1826719,2008-12-31,2008-01-01,588,2,23300,0.52100,
1826718,2008-12-31,2008-01-01,588,2,47720,0.51700,
1826717,2008-12-31,2008-01-01,588,2,27800,0.63100,
1826716,2008-12-31,2008-01-01,588,2,50370,0.91200,
1826715,2008-12-31,2008-01-01,588,2,23675,0.58900,
1826714,2008-12-31,2008-01-01,588,2,05819,0.65800,
1826713,2008-12-31,2008-01-01,588,2,13654,0.61600,
1826712,2008-12-31,2008-01-01,588,2,23068,0.58000,
1826711,2008-12-31,2008-01-01,588,2,47980,0.80900,
1826710,2008-12-31,2008-01-01,588,2,18756,0.81300,
1826709,2008-12-31,2008-01-01,588,2,23807,0.80100,
1826708,2008-12-31,2008-01-01,588,2,52224,0.59100,
1826707,2008-12-31,2008-01-01,588,2,25823,0.67800,
1826706,2008-12-31,2008-01-01,588,2,13473,0.75900,
1826705,2008-12-31,2008-01-01,588,2,50577,0.82100,
1826704,2008-12-31,2008-01-01,588,2,25885,0.71700,
1826703,2008-12-31,2008-01-01,588,2,27580,0.61100,
1826702,2008-12-31,2008-01-01,588,2,27077,0.85700,
1826701,2008-12-31,2008-01-01,588,2,13650,0.49400,
1826700,2008-12-31,2008-01-01,588,2,52051,0.60500,
1826699,2008-12-31,2008-01-01,588,2,95200,0.87700,
1826698,2008-12-31,2008-01-01,588,2,47318,0.61100,
1826697,2008-12-31,2008-01-01,588,2,27787,0.66700,
1826696,2008-12-31,2008-01-01,588,2,19397,0.67600,
1826695,2008-12-31,2008-01-01,588,2,19785,0.75700,
1826694,2008-12-31,2008-01-01,588,2,27450,0.61000,
1826693,2008-12-31,2008-01-01,588,2,85225,0.67600,
1826692,2008-12-31,2008-01-01,588,2,19622,0.72900,
1826691,2008-12-31,2008-01-01,588,2,13140,0.54900,
1826690,2008-12-31,2008-01-01,588,2,99524,0.70600,
1826689,2008-12-31,2008-01-01,588,2,41006,0.75000,
1826688,2008-12-31,2008-01-01,588,2,18785,0.84200,
1826687,2008-12-31,2008-01-01,588,2,15681,0.53300,
1826686,2008-12-31,2008-01-01,588,2,27050,0.63600,
1826685,2008-12-31,2008-01-01,588,2,54398,0.74100,
1826684,2008-12-31,2008-01-01,588,2,50325,0.91100,
1826683,2008-12-31,2008-01-01,588,2,70230,0.76900,
1826682,2008-12-31,2008-01-01,588,2,23574,0.69900,
1826681,2008-12-31,2008-01-01,588,2,18410,0.86700,
1826680,2008-12-31,2008-01-01,588,2,27075,0.78800,
1826679,2008-12-31,2008-01-01,588,2,47170,0.62300,
1826678,2008-12-31,2008-01-01,588,2,85400,0.74500,
1826677,2008-12-31,2008-01-01,588,2,47960,0.56000,
1826676,2008-12-31,2008-01-01,588,2,13458,0.66900,
1826675,2008-12-31,2008-01-01,588,2,54003,0.66700,
1826674,2008-12-31,2008-01-01,588,2,18753,0.84700,
1826673,2008-12-31,2008-01-01,588,2,50711,0.93600,
1826672,2008-12-31,2008-01-01,588,2,95015,0.86800,
1826671,2008-12-31,2008-01-01,588,2,41660,0.71800,
1826670,2008-12-31,2008-01-01,588,2,19100,0.74500,
1826669,2008-12-31,2008-01-01,588,2,54800,0.83300,
1826668,2008-12-31,2008-01-01,588,2,47692,0.59100,
1826667,2008-12-31,2008-01-01,588,2,50350,0.86300,
1826666,2008-12-31,2008-01-01,588,2,47798,0.69200,
1826665,2008-12-31,2008-01-01,588,2,19392,0.74400,
1826664,2008-12-31,2008-01-01,588,2,23678,0.56500,
1826663,2008-12-31,2008-01-01,588,2,19075,0.80300,
1826662,2008-12-31,2008-01-01,588,2,13244,0.70000,
1826661,2008-12-31,2008-01-01,588,2,54206,0.81700,
1826660,2008-12-31,2008-01-01,588,2,05490,0.70400,
1826659,2008-12-31,2008-01-01,588,2,70204,0.68900,
1826658,2008-12-31,2008-01-01,588,2,85125,0.71600,
1826657,2008-12-31,2008-01-01,588,2,05659,0.63000,
1826656,2008-12-31,2008-01-01,588,2,19050,0.86400,
1826655,2008-12-31,2008-01-01,588,2,54223,0.60700,
1826654,2008-12-31,2008-01-01,588,2,19585,0.57500,
1826653,2008-12-31,2008-01-01,588,2,68686,0.64500,
1826652,2008-12-31,2008-01-01,588,2,27073,0.79100,
1826651,2008-12-31,2008-01-01,588,2,19130,0.69200,
1826650,2008-12-31,2008-01-01,588,2,13670,0.86300,
1826649,2008-12-31,2008-01-01,588,2,13300,0.57000,
1826648,2008-12-31,2008-01-01,588,2,15442,0.67400,
1826647,2008-12-31,2008-01-01,588,2,68370,0.58700,
1826646,2008-12-31,2008-01-01,588,2,95025,0.86600,
1826645,2008-12-31,2008-01-01,588,2,13744,0.87300,
1826644,2008-12-31,2008-01-01,588,2,13600,0.66600,
1826643,2008-12-31,2008-01-01,588,2,19450,0.83700,
1826642,2008-12-31,2008-01-01,588,2,18150,0.85600,
1826641,2008-12-31,2008-01-01,588,2,52435,0.81700,
1826640,2008-12-31,2008-01-01,588,2,47570,0.57600,
1826639,2008-12-31,2008-01-01,588,2,27425,0.64700,
1826638,2008-12-31,2008-01-01,588,2,47541,0.62200,
1826637,2008-12-31,2008-01-01,588,2,13667,0.70200,
1826636,2008-12-31,2008-01-01,588,2,23419,0.67500,
1826635,2008-12-31,2008-01-01,588,2,19355,0.72300,
1826634,2008-12-31,2008-01-01,588,2,15183,0.59700,
1826633,2008-12-31,2008-01-01,588,2,23670,0.54900,
1826632,2008-12-31,2008-01-01,588,2,54245,0.81200,
1826631,2008-12-31,2008-01-01,588,2,47545,0.53000,
1826630,2008-12-31,2008-01-01,588,2,47660,0.77700,
1826629,2008-12-31,2008-01-01,588,2,19110,0.78400,
1826628,2008-12-31,2008-01-01,588,2,19318,0.73700,
1826627,2008-12-31,2008-01-01,588,2,19693,0.64100,
1826626,2008-12-31,2008-01-01,588,2,27615,0.73000,
1826625,2008-12-31,2008-01-01,588,2,13074,0.76000,
1826624,2008-12-31,2008-01-01,588,2,08549,0.54700,
1826623,2008-12-31,2008-01-01,588,2,86757,0.89800,
1826622,2008-12-31,2008-01-01,588,2,86573,0.91200,
1826621,2008-12-31,2008-01-01,588,2,27413,0.68900,
1826620,2008-12-31,2008-01-01,588,2,13810,0.76000,
1826619,2008-12-31,2008-01-01,588,2,15533,0.91300,
1826618,2008-12-31,2008-01-01,588,2,52473,0.79100,
1826617,2008-12-31,2008-01-01,588,2,13268,0.67100,
1826616,2008-12-31,2008-01-01,588,2,70771,0.65200,
1826615,2008-12-31,2008-01-01,588,2,70678,0.75900,
1826614,2008-12-31,2008-01-01,588,2,05495,0.84400,
1826613,2008-12-31,2008-01-01,588,2,19701,0.77900,
1826612,2008-12-31,2008-01-01,588,2,27250,0.88200,
1826611,2008-12-31,2008-01-01,588,2,47460,0.59600,
1826610,2008-12-31,2008-01-01,588,2,70429,0.60200,
1826609,2008-12-31,2008-01-01,588,2,05475,0.70700,
1826608,2008-12-31,2008-01-01,588,2,27745,0.74900,
1826607,2008-12-31,2008-01-01,588,2,19256,0.88600,
1826606,2008-12-31,2008-01-01,588,2,13030,0.68700,
1826605,2008-12-31,2008-01-01,588,2,52427,0.87800,
1826604,2008-12-31,2008-01-01,588,2,05873,0.82400,
1826603,2008-12-31,2008-01-01,588,2,86571,0.92600,
1826602,2008-12-31,2008-01-01,588,2,52520,0.83700,
1826601,2008-12-31,2008-01-01,588,2,52612,0.91600,
1826600,2008-12-31,2008-01-01,588,2,47703,0.57100,
1826599,2008-12-31,2008-01-01,588,2,52621,0.91600,
1826598,2008-12-31,2008-01-01,588,2,18860,0.87500,
1826597,2008-12-31,2008-01-01,588,2,54250,0.92400,
1826596,2008-12-31,2008-01-01,588,2,23500,0.71700,
1826595,2008-12-31,2008-01-01,588,2,52490,0.90100,
1826594,2008-12-31,2008-01-01,588,2,13580,0.67400,
1826593,2008-12-31,2008-01-01,588,2,13549,0.66100,
1826592,2008-12-31,2008-01-01,588,2,19022,0.68500,
1826591,2008-12-31,2008-01-01,588,2,13006,0.71100,
1826590,2008-12-31,2008-01-01,588,2,70265,0.70700,
1826589,2008-12-31,2008-01-01,588,2,52079,0.94600,
1826588,2008-12-31,2008-01-01,588,2,23090,0.72900,
1826587,2008-12-31,2008-01-01,588,2,13655,0.69800,
1826586,2008-12-31,2008-01-01,588,2,54109,0.85900,
1826585,2008-12-31,2008-01-01,588,2,20175,0.68000,
1826584,2008-12-31,2008-01-01,588,2,27600,0.64300,
1826583,2008-12-31,2008-01-01,588,2,19533,0.93300,
1826582,2008-12-31,2008-01-01,588,2,27430,0.76400,
1826581,2008-12-31,2008-01-01,588,2,52390,0.81700,
1826580,2008-12-31,2008-01-01,588,2,18460,0.92200,
1826579,2008-12-31,2008-01-01,588,2,20570,0.83700,
1826578,2008-12-31,2008-01-01,588,2,27025,0.78600,
1826577,2008-12-31,2008-01-01,588,2,54344,0.93100,
1826576,2008-12-31,2008-01-01,588,2,19809,0.93300,
1826575,2008-12-31,2008-01-01,588,2,52250,0.89600,
1826574,2008-12-31,2008-01-01,588,2,52696,0.85900,
1826573,2008-12-31,2008-01-01,588,2,99773,1.00000,
1826572,2008-12-31,2008-01-01,588,2,19418,0.94700,
1826571,2008-12-31,2008-01-01,588,2,27099,0.83000,
1826570,2008-12-31,2008-01-01,588,2,27150,0.73300,
2688582,2012-12-31,2012-01-01,588,2,17272,0.31700,
2688581,2012-12-31,2012-01-01,588,2,25436,0.31700,
2688580,2012-12-31,2012-01-01,588,2,52317,0.31700,
2688579,2012-12-31,2012-01-01,588,2,25839,0.31700,
2688578,2012-12-31,2012-01-01,588,2,05036,0.31700,
2688577,2012-12-31,2012-01-01,588,2,08832,0.31600,
2688576,2012-12-31,2012-01-01,588,2,52354,0.31600,
2688575,2012-12-31,2012-01-01,588,2,68615,0.31600,
2688574,2012-12-31,2012-01-01,588,2,68051,0.31600,
2688573,2012-12-31,2012-01-01,588,2,52022,0.31600,
2688572,2012-12-31,2012-01-01,588,2,25407,0.31600,
2688571,2012-12-31,2012-01-01,588,2,68524,0.31600,
2688570,2012-12-31,2012-01-01,588,2,15224,0.31600,
2688569,2012-12-31,2012-01-01,588,2,15542,0.31600,
2688568,2012-12-31,2012-01-01,588,2,05284,0.31600,
2688567,2012-12-31,2012-01-01,588,2,15090,0.31600,
2688566,2012-12-31,2012-01-01,588,2,15762,0.31600,
2688565,2012-12-31,2012-01-01,588,2,15761,0.31500,
2688564,2012-12-31,2012-01-01,588,2,15051,0.31500,
2688563,2012-12-31,2012-01-01,588,2,23586,0.31500,
2688562,2012-12-31,2012-01-01,588,2,41016,0.31500,
2688561,2012-12-31,2012-01-01,588,2,25851,0.31500,
2688560,2012-12-31,2012-01-01,588,2,13212,0.31500,
2688559,2012-12-31,2012-01-01,588,2,73200,0.31500,
2688558,2012-12-31,2012-01-01,588,2,25878,0.31500,
2688557,2012-12-31,2012-01-01,588,2,25293,0.31500,
2688556,2012-12-31,2012-01-01,588,2,25489,0.31400,
2688555,2012-12-31,2012-01-01,588,2,76863,0.31400,
2688554,2012-12-31,2012-01-01,588,2,08520,0.31400,
2688553,2012-12-31,2012-01-01,588,2,70400,0.31400,
2688552,2012-12-31,2012-01-01,588,2,68855,0.31400,
2688551,2012-12-31,2012-01-01,588,2,15172,0.31400,
2688550,2012-12-31,2012-01-01,588,2,17495,0.31400,
2688549,2012-12-31,2012-01-01,588,2,08770,0.31400,
2688548,2012-12-31,2012-01-01,588,2,05656,0.31400,
2688547,2012-12-31,2012-01-01,588,2,86760,0.31400,
2688546,2012-12-31,2012-01-01,588,2,25779,0.31400,
2688545,2012-12-31,2012-01-01,588,2,15518,0.31300,
2688544,2012-12-31,2012-01-01,588,2,68770,0.31300,
2688543,2012-12-31,2012-01-01,588,2,54099,0.31300,
2688542,2012-12-31,2012-01-01,588,2,15204,0.31300,
2688541,2012-12-31,2012-01-01,588,2,15106,0.31300,
2688540,2012-12-31,2012-01-01,588,2,15097,0.31300,
2688539,2012-12-31,2012-01-01,588,2,70235,0.31300,
2688538,2012-12-31,2012-01-01,588,2,20614,0.31300,
2688537,2012-12-31,2012-01-01,588,2,25743,0.31300,
2688536,2012-12-31,2012-01-01,588,2,68867,0.31300,
2688535,2012-12-31,2012-01-01,588,2,25095,0.31300,
2688534,2012-12-31,2012-01-01,588,2,76736,0.31300,
2688533,2012-12-31,2012-01-01,588,2,85263,0.31300,
2688532,2012-12-31,2012-01-01,588,2,17442,0.31200,
2688531,2012-12-31,2012-01-01,588,2,66440,0.31200,
2688530,2012-12-31,2012-01-01,588,2,68418,0.31200,
2688529,2012-12-31,2012-01-01,588,2,15332,0.31200,
2688528,2012-12-31,2012-01-01,588,2,05887,0.31200,
2688527,2012-12-31,2012-01-01,588,2,25324,0.31200,
2688526,2012-12-31,2012-01-01,588,2,68320,0.31200,
2688525,2012-12-31,2012-01-01,588,2,13430,0.31200,
2688524,2012-12-31,2012-01-01,588,2,68522,0.31200,
2688523,2012-12-31,2012-01-01,588,2,68092,0.31100,
2688522,2012-12-31,2012-01-01,588,2,17042,0.31100,
2688521,2012-12-31,2012-01-01,588,2,05172,0.31100,
2688520,2012-12-31,2012-01-01,588,2,15667,0.31100,
2688519,2012-12-31,2012-01-01,588,2,25535,0.31100,
2688518,2012-12-31,2012-01-01,588,2,15131,0.31100,
2688517,2012-12-31,2012-01-01,588,2,68425,0.31100,
2688516,2012-12-31,2012-01-01,588,2,25297,0.31100,
2688515,2012-12-31,2012-01-01,588,2,15632,0.31100,
2688514,2012-12-31,2012-01-01,588,2,68176,0.31100,
2688513,2012-12-31,2012-01-01,588,2,68271,0.31100,
2688512,2012-12-31,2012-01-01,588,2,73678,0.31100,
2688511,2012-12-31,2012-01-01,588,2,17013,0.31100,
2688510,2012-12-31,2012-01-01,588,2,05145,0.31000,
2688509,2012-12-31,2012-01-01,588,2,08638,0.31000,
2688508,2012-12-31,2012-01-01,588,2,25019,0.31000,
2688507,2012-12-31,2012-01-01,588,2,68549,0.31000,
2688506,2012-12-31,2012-01-01,588,2,73861,0.31000,
2688505,2012-12-31,2012-01-01,588,2,47675,0.31000,
2688504,2012-12-31,2012-01-01,588,2,13780,0.31000,
2688503,2012-12-31,2012-01-01,588,2,76606,0.31000,
2688502,2012-12-31,2012-01-01,588,2,13894,0.31000,
2688501,2012-12-31,2012-01-01,588,2,15822,0.31000,
2688500,2012-12-31,2012-01-01,588,2,15401,0.31000,
2688499,2012-12-31,2012-01-01,588,2,76845,0.30900,
2688498,2012-12-31,2012-01-01,588,2,20787,0.30900,
2688497,2012-12-31,2012-01-01,588,2,76122,0.30900,
2688496,2012-12-31,2012-01-01,588,2,41872,0.30900,
2688495,2012-12-31,2012-01-01,588,2,05086,0.30900,
2688494,2012-12-31,2012-01-01,588,2,41615,0.30900,
2688493,2012-12-31,2012-01-01,588,2,41524,0.30900,
2688492,2012-12-31,2012-01-01,588,2,73671,0.30800,
2688491,2012-12-31,2012-01-01,588,2,25154,0.30800,
2688490,2012-12-31,2012-01-01,588,2,68575,0.30800,
2688489,2012-12-31,2012-01-01,588,2,41026,0.30800,
2688488,2012-12-31,2012-01-01,588,2,76377,0.30800,
2688487,2012-12-31,2012-01-01,588,2,15676,0.30800,
2688486,2012-12-31,2012-01-01,588,2,86755,0.30800,
2688485,2012-12-31,2012-01-01,588,2,54673,0.30800,
2688484,2012-12-31,2012-01-01,588,2,68160,0.30800,
2688483,2012-12-31,2012-01-01,588,2,68322,0.30800,
2688482,2012-12-31,2012-01-01,588,2,17486,0.30800,
2688481,2012-12-31,2012-01-01,588,2,25279,0.30800,
2688480,2012-12-31,2012-01-01,588,2,85325,0.30800,
2688479,2012-12-31,2012-01-01,588,2,25662,0.30800,
2688478,2012-12-31,2012-01-01,588,2,05240,0.30700,
2688477,2012-12-31,2012-01-01,588,2,44098,0.30700,
2688476,2012-12-31,2012-01-01,588,2,44855,0.30700,
2688475,2012-12-31,2012-01-01,588,2,20228,0.30700,
2688474,2012-12-31,2012-01-01,588,2,15047,0.30700,
2688473,2012-12-31,2012-01-01,588,2,68669,0.30700,
2688472,2012-12-31,2012-01-01,588,2,76670,0.30700,
2688471,2012-12-31,2012-01-01,588,2,54874,0.30700,
2688470,2012-12-31,2012-01-01,588,2,73319,0.30700,
2688469,2012-12-31,2012-01-01,588,2,25426,0.30700,
2688468,2012-12-31,2012-01-01,588,2,52480,0.30700,
2688467,2012-12-31,2012-01-01,588,2,25123,0.30700,
2688466,2012-12-31,2012-01-01,588,2,41518,0.30700,
2688465,2012-12-31,2012-01-01,588,2,25845,0.30600,
2688464,2012-12-31,2012-01-01,588,2,68121,0.30600,
2688463,2012-12-31,2012-01-01,588,2,25777,0.30600,
2688462,2012-12-31,2012-01-01,588,2,25658,0.30600,
2688461,2012-12-31,2012-01-01,588,2,25793,0.30600,
2688460,2012-12-31,2012-01-01,588,2,41298,0.30600,
2688459,2012-12-31,2012-01-01,588,2,15790,0.30600,
2688458,2012-12-31,2012-01-01,588,2,15104,0.30600,
2688457,2012-12-31,2012-01-01,588,2,73411,0.30600,
2688456,2012-12-31,2012-01-01,588,2,54239,0.30600,
2688455,2012-12-31,2012-01-01,588,2,05501,0.30600,
2688454,2012-12-31,2012-01-01,588,2,05059,0.30500,
2688453,2012-12-31,2012-01-01,588,2,41013,0.30500,
2688452,2012-12-31,2012-01-01,588,2,15480,0.30500,
2688451,2012-12-31,2012-01-01,588,2,68147,0.30500,
2688450,2012-12-31,2012-01-01,588,2,17777,0.30500,
2688449,2012-12-31,2012-01-01,588,2,17513,0.30500,
2688448,2012-12-31,2012-01-01,588,2,68013,0.30400,
2688447,2012-12-31,2012-01-01,588,2,17653,0.30400,
2688446,2012-12-31,2012-01-01,588,2,70823,0.30400,
2688445,2012-12-31,2012-01-01,588,2,73275,0.30400,
2688444,2012-12-31,2012-01-01,588,2,05576,0.30400,
2688443,2012-12-31,2012-01-01,588,2,15135,0.30400,
2688442,2012-12-31,2012-01-01,588,2,81001,0.30400,
2688441,2012-12-31,2012-01-01,588,2,15514,0.30400,
2688440,2012-12-31,2012-01-01,588,2,85430,0.30400,
2688439,2012-12-31,2012-01-01,588,2,15464,0.30400,
2688438,2012-12-31,2012-01-01,588,2,05579,0.30400,
2688437,2012-12-31,2012-01-01,588,2,15839,0.30400,
2688436,2012-12-31,2012-01-01,588,2,15180,0.30400,
2688435,2012-12-31,2012-01-01,588,2,25335,0.30300,
2688434,2012-12-31,2012-01-01,588,2,50245,0.30300,
2688433,2012-12-31,2012-01-01,588,2,20060,0.30300,
2688432,2012-12-31,2012-01-01,588,2,15367,0.30300,
2688431,2012-12-31,2012-01-01,588,2,25797,0.30300,
2688430,2012-12-31,2012-01-01,588,2,25151,0.30300,
2688429,2012-12-31,2012-01-01,588,2,52323,0.30300,
2688428,2012-12-31,2012-01-01,588,2,70110,0.30200,
2688427,2012-12-31,2012-01-01,588,2,15686,0.30200,
2688426,2012-12-31,2012-01-01,588,2,15673,0.30200,
2688425,2012-12-31,2012-01-01,588,2,97001,0.30200,
2688424,2012-12-31,2012-01-01,588,2,76869,0.30200,
2688423,2012-12-31,2012-01-01,588,2,76497,0.30100,
2688422,2012-12-31,2012-01-01,588,2,15272,0.30100,
2688421,2012-12-31,2012-01-01,588,2,70820,0.30100,
2688420,2012-12-31,2012-01-01,588,2,63690,0.30100,
2688419,2012-12-31,2012-01-01,588,2,68689,0.30100,
2688418,2012-12-31,2012-01-01,588,2,41797,0.30100,
2688417,2012-12-31,2012-01-01,588,2,44874,0.30100,
2688416,2012-12-31,2012-01-01,588,2,54871,0.30100,
2688415,2012-12-31,2012-01-01,588,2,73026,0.30100,
2688414,2012-12-31,2012-01-01,588,2,73585,0.30000,
2688413,2012-12-31,2012-01-01,588,2,85250,0.30000,
2688412,2012-12-31,2012-01-01,588,2,23417,0.30000,
2688411,2012-12-31,2012-01-01,588,2,25320,0.30000,
2688410,2012-12-31,2012-01-01,588,2,15317,0.30000,
2688409,2012-12-31,2012-01-01,588,2,25718,0.30000,
2688408,2012-12-31,2012-01-01,588,2,44035,0.30000,
2688407,2012-12-31,2012-01-01,588,2,70221,0.30000,
2688406,2012-12-31,2012-01-01,588,2,15660,0.30000,
2688405,2012-12-31,2012-01-01,588,2,63111,0.30000,
2688404,2012-12-31,2012-01-01,588,2,25781,0.29900,
2688403,2012-12-31,2012-01-01,588,2,15720,0.29900,
2688402,2012-12-31,2012-01-01,588,2,05306,0.29900,
2688401,2012-12-31,2012-01-01,588,2,15189,0.29900,
2688400,2012-12-31,2012-01-01,588,2,15244,0.29900,
2688399,2012-12-31,2012-01-01,588,2,52356,0.29900,
2688398,2012-12-31,2012-01-01,588,2,08078,0.29900,
2688397,2012-12-31,2012-01-01,588,2,15403,0.29800,
2688396,2012-12-31,2012-01-01,588,2,15380,0.29800,
2688395,2012-12-31,2012-01-01,588,2,68296,0.29800,
2688394,2012-12-31,2012-01-01,588,2,44650,0.29800,
2688393,2012-12-31,2012-01-01,588,2,73030,0.29800,
2688392,2012-12-31,2012-01-01,588,2,17388,0.29800,
2688391,2012-12-31,2012-01-01,588,2,63190,0.29800,
2688390,2012-12-31,2012-01-01,588,2,05347,0.29800,
2688389,2012-12-31,2012-01-01,588,2,13836,0.29700,
2688388,2012-12-31,2012-01-01,588,2,25649,0.29700,
2688387,2012-12-31,2012-01-01,588,2,25178,0.29700,
2688386,2012-12-31,2012-01-01,588,2,15236,0.29700,
2688385,2012-12-31,2012-01-01,588,2,68573,0.29700,
2688384,2012-12-31,2012-01-01,588,2,17524,0.29700,
2688383,2012-12-31,2012-01-01,588,2,70215,0.29700,
2688382,2012-12-31,2012-01-01,588,2,05674,0.29700,
2688381,2012-12-31,2012-01-01,588,2,05310,0.29600,
2688380,2012-12-31,2012-01-01,588,2,25599,0.29600,
2688379,2012-12-31,2012-01-01,588,2,05686,0.29600,
2688378,2012-12-31,2012-01-01,588,2,05690,0.29600,
2688377,2012-12-31,2012-01-01,588,2,25053,0.29600,
2688376,2012-12-31,2012-01-01,588,2,19513,0.29600,
2688375,2012-12-31,2012-01-01,588,2,05101,0.29600,
2688374,2012-12-31,2012-01-01,588,2,25513,0.29600,
2688373,2012-12-31,2012-01-01,588,2,05206,0.29600,
2688372,2012-12-31,2012-01-01,588,2,25086,0.29600,
2688371,2012-12-31,2012-01-01,588,2,20013,0.29600,
2688370,2012-12-31,2012-01-01,588,2,15696,0.29600,
2688369,2012-12-31,2012-01-01,588,2,63470,0.29600,
2688368,2012-12-31,2012-01-01,588,2,23001,0.29600,
2688367,2012-12-31,2012-01-01,588,2,15814,0.29600,
2688366,2012-12-31,2012-01-01,588,2,25815,0.29500,
2688365,2012-12-31,2012-01-01,588,2,25488,0.29500,
2688364,2012-12-31,2012-01-01,588,2,05756,0.29500,
2688363,2012-12-31,2012-01-01,588,2,15092,0.29500,
2688362,2012-12-31,2012-01-01,588,2,08296,0.29500,
2688361,2012-12-31,2012-01-01,588,2,17050,0.29500,
2688360,2012-12-31,2012-01-01,588,2,44378,0.29500,
2688359,2012-12-31,2012-01-01,588,2,68167,0.29500,
2688358,2012-12-31,2012-01-01,588,2,05649,0.29400,
2688357,2012-12-31,2012-01-01,588,2,63594,0.29400,
2688356,2012-12-31,2012-01-01,588,2,15599,0.29400,
2688355,2012-12-31,2012-01-01,588,2,23660,0.29400,
2688354,2012-12-31,2012-01-01,588,2,47288,0.29400,
2688353,2012-12-31,2012-01-01,588,2,25312,0.29400,
2688352,2012-12-31,2012-01-01,588,2,68861,0.29400,
2688351,2012-12-31,2012-01-01,588,2,68533,0.29300,
2688350,2012-12-31,2012-01-01,588,2,25224,0.29300,
2688349,2012-12-31,2012-01-01,588,2,08433,0.29300,
2688348,2012-12-31,2012-01-01,588,2,76403,0.29300,
2688347,2012-12-31,2012-01-01,588,2,15293,0.29300,
2688346,2012-12-31,2012-01-01,588,2,15638,0.29300,
2688345,2012-12-31,2012-01-01,588,2,15820,0.29300,
2688344,2012-12-31,2012-01-01,588,2,05147,0.29300,
2688343,2012-12-31,2012-01-01,588,2,76364,0.29300,
2688342,2012-12-31,2012-01-01,588,2,05154,0.29300,
2688341,2012-12-31,2012-01-01,588,2,05893,0.29300,
2688340,2012-12-31,2012-01-01,588,2,54172,0.29300,
2688339,2012-12-31,2012-01-01,588,2,15861,0.29200,
2688338,2012-12-31,2012-01-01,588,2,63272,0.29200,
2688337,2012-12-31,2012-01-01,588,2,15022,0.29200,
2688336,2012-12-31,2012-01-01,588,2,15693,0.29200,
2688335,2012-12-31,2012-01-01,588,2,25326,0.29200,
2688334,2012-12-31,2012-01-01,588,2,25288,0.29200,
2688333,2012-12-31,2012-01-01,588,2,25181,0.29200,
2688332,2012-12-31,2012-01-01,588,2,15162,0.29100,
2688331,2012-12-31,2012-01-01,588,2,70717,0.29100,
2688330,2012-12-31,2012-01-01,588,2,17614,0.29100,
2688329,2012-12-31,2012-01-01,588,2,15835,0.29000,
2688328,2012-12-31,2012-01-01,588,2,73055,0.29000,
2688327,2012-12-31,2012-01-01,588,2,50689,0.29000,
2688326,2012-12-31,2012-01-01,588,2,68162,0.28900,
2688325,2012-12-31,2012-01-01,588,2,68500,0.28900,
2688324,2012-12-31,2012-01-01,588,2,05585,0.28900,
2688323,2012-12-31,2012-01-01,588,2,05667,0.28900,
2688322,2012-12-31,2012-01-01,588,2,25898,0.28900,
2688321,2012-12-31,2012-01-01,588,2,15500,0.28900,
2688320,2012-12-31,2012-01-01,588,2,15897,0.28800,
2688319,2012-12-31,2012-01-01,588,2,50680,0.28800,
2688318,2012-12-31,2012-01-01,588,2,20250,0.28800,
2688317,2012-12-31,2012-01-01,588,2,15114,0.28800,
2688316,2012-12-31,2012-01-01,588,2,05411,0.28800,
2688315,2012-12-31,2012-01-01,588,2,25328,0.28800,
2688314,2012-12-31,2012-01-01,588,2,76147,0.28700,
2688313,2012-12-31,2012-01-01,588,2,68406,0.28700,
2688312,2012-12-31,2012-01-01,588,2,76036,0.28700,
2688311,2012-12-31,2012-01-01,588,2,05679,0.28700,
2688310,2012-12-31,2012-01-01,588,2,68572,0.28700,
2688309,2012-12-31,2012-01-01,588,2,68079,0.28700,
2688308,2012-12-31,2012-01-01,588,2,15248,0.28600,
2688307,2012-12-31,2012-01-01,588,2,05190,0.28600,
2688306,2012-12-31,2012-01-01,588,2,05364,0.28600,
2688305,2012-12-31,2012-01-01,588,2,47189,0.28600,
2688304,2012-12-31,2012-01-01,588,2,44279,0.28500,
2688303,2012-12-31,2012-01-01,588,2,20011,0.28500,
2688302,2012-12-31,2012-01-01,588,2,70742,0.28500,
2688301,2012-12-31,2012-01-01,588,2,05789,0.28500,
2688300,2012-12-31,2012-01-01,588,2,05761,0.28500,
2688299,2012-12-31,2012-01-01,588,2,25040,0.28400,
2688298,2012-12-31,2012-01-01,588,2,05142,0.28400,
2688297,2012-12-31,2012-01-01,588,2,05792,0.28400,
2688296,2012-12-31,2012-01-01,588,2,05004,0.28400,
2688295,2012-12-31,2012-01-01,588,2,05591,0.28300,
2688294,2012-12-31,2012-01-01,588,2,25317,0.28300,
2688293,2012-12-31,2012-01-01,588,2,25402,0.28300,
2688292,2012-12-31,2012-01-01,588,2,05856,0.28300,
2688291,2012-12-31,2012-01-01,588,2,15362,0.28300,
2688290,2012-12-31,2012-01-01,588,2,25245,0.28200,
2688289,2012-12-31,2012-01-01,588,2,54418,0.28200,
2688288,2012-12-31,2012-01-01,588,2,73443,0.28200,
2688287,2012-12-31,2012-01-01,588,2,63401,0.28200,
2688286,2012-12-31,2012-01-01,588,2,15469,0.28100,
2688285,2012-12-31,2012-01-01,588,2,25572,0.28100,
2688284,2012-12-31,2012-01-01,588,2,68327,0.28000,
2688283,2012-12-31,2012-01-01,588,2,05042,0.27900,
2688282,2012-12-31,2012-01-01,588,2,20710,0.27900,
2688281,2012-12-31,2012-01-01,588,2,47001,0.27900,
2688280,2012-12-31,2012-01-01,588,2,91001,0.27800,
2688279,2012-12-31,2012-01-01,588,2,05809,0.27800,
2688278,2012-12-31,2012-01-01,588,2,50606,0.27800,
2688277,2012-12-31,2012-01-01,588,2,86749,0.27800,
2688276,2012-12-31,2012-01-01,588,2,08685,0.27800,
2688275,2012-12-31,2012-01-01,588,2,05861,0.27800,
2688274,2012-12-31,2012-01-01,588,2,50001,0.27700,
2688273,2012-12-31,2012-01-01,588,2,15690,0.27700,
2688272,2012-12-31,2012-01-01,588,2,66400,0.27700,
2688271,2012-12-31,2012-01-01,588,2,63130,0.27700,
2688270,2012-12-31,2012-01-01,588,2,15646,0.27700,
2688269,2012-12-31,2012-01-01,588,2,76834,0.27600,
2688268,2012-12-31,2012-01-01,588,2,15455,0.27600,
2688267,2012-12-31,2012-01-01,588,2,50226,0.27600,
2688266,2012-12-31,2012-01-01,588,2,25183,0.27600,
2688265,2012-12-31,2012-01-01,588,2,76318,0.27600,
2688264,2012-12-31,2012-01-01,588,2,05045,0.27500,
2688263,2012-12-31,2012-01-01,588,2,68872,0.27500,
2688262,2012-12-31,2012-01-01,588,2,25873,0.27500,
2688261,2012-12-31,2012-01-01,588,2,25745,0.27500,
2688260,2012-12-31,2012-01-01,588,2,25035,0.27500,
2688259,2012-12-31,2012-01-01,588,2,05079,0.27500,
2688258,2012-12-31,2012-01-01,588,2,66682,0.27500,
2688257,2012-12-31,2012-01-01,588,2,54498,0.27400,
2688256,2012-12-31,2012-01-01,588,2,54405,0.27400,
2688255,2012-12-31,2012-01-01,588,2,76111,0.27400,
2688254,2012-12-31,2012-01-01,588,2,25875,0.27300,
2688253,2012-12-31,2012-01-01,588,2,08634,0.27300,
2688252,2012-12-31,2012-01-01,588,2,68895,0.27300,
2688251,2012-12-31,2012-01-01,588,2,05282,0.27200,
2688250,2012-12-31,2012-01-01,588,2,19573,0.27100,
2688249,2012-12-31,2012-01-01,588,2,68655,0.27100,
2688248,2012-12-31,2012-01-01,588,2,73547,0.27100,
2688247,2012-12-31,2012-01-01,588,2,17877,0.27100,
2688246,2012-12-31,2012-01-01,588,2,05353,0.27000,
2688245,2012-12-31,2012-01-01,588,2,15087,0.27000,
2688244,2012-12-31,2012-01-01,588,2,05541,0.26900,
2688243,2012-12-31,2012-01-01,588,2,50568,0.26900,
2688242,2012-12-31,2012-01-01,588,2,73408,0.26900,
2688241,2012-12-31,2012-01-01,588,2,20045,0.26800,
2688240,2012-12-31,2012-01-01,588,2,05030,0.26800,
2688239,2012-12-31,2012-01-01,588,2,76306,0.26800,
2688238,2012-12-31,2012-01-01,588,2,25386,0.26700,
2688237,2012-12-31,2012-01-01,588,2,68211,0.26700,
2688236,2012-12-31,2012-01-01,588,2,25486,0.26700,
2688235,2012-12-31,2012-01-01,588,2,20001,0.26700,
2688234,2012-12-31,2012-01-01,588,2,68077,0.26700,
2688233,2012-12-31,2012-01-01,588,2,17174,0.26600,
2688232,2012-12-31,2012-01-01,588,2,05021,0.26600,
2688231,2012-12-31,2012-01-01,588,2,25483,0.26600,
2688230,2012-12-31,2012-01-01,588,2,25001,0.26600,
2688229,2012-12-31,2012-01-01,588,2,73148,0.26600,
2688228,2012-12-31,2012-01-01,588,2,44078,0.26600,
2688227,2012-12-31,2012-01-01,588,2,25736,0.26600,
2688226,2012-12-31,2012-01-01,588,2,05150,0.26600,
2688225,2012-12-31,2012-01-01,588,2,52001,0.26600,
2688224,2012-12-31,2012-01-01,588,2,08758,0.26400,
2688223,2012-12-31,2012-01-01,588,2,17380,0.26400,
2688222,2012-12-31,2012-01-01,588,2,76895,0.26300,
2688221,2012-12-31,2012-01-01,588,2,05658,0.26300,
2688220,2012-12-31,2012-01-01,588,2,25785,0.26300,
2688219,2012-12-31,2012-01-01,588,2,17873,0.26300,
2688218,2012-12-31,2012-01-01,588,2,15215,0.26300,
2688217,2012-12-31,2012-01-01,588,2,15299,0.26200,
2688216,2012-12-31,2012-01-01,588,2,05390,0.26100,
2688215,2012-12-31,2012-01-01,588,2,15723,0.26100,
2688214,2012-12-31,2012-01-01,588,2,15537,0.26100,
2688213,2012-12-31,2012-01-01,588,2,50110,0.26000,
2688212,2012-12-31,2012-01-01,588,2,15572,0.26000,
2688211,2012-12-31,2012-01-01,588,2,25772,0.26000,
2688210,2012-12-31,2012-01-01,588,2,20178,0.25900,
2688209,2012-12-31,2012-01-01,588,2,70001,0.25900,
2688208,2012-12-31,2012-01-01,588,2,15837,0.25900,
2688207,2012-12-31,2012-01-01,588,2,15757,0.25900,
2688206,2012-12-31,2012-01-01,588,2,15806,0.25800,
2688205,2012-12-31,2012-01-01,588,2,85139,0.25800,
2688204,2012-12-31,2012-01-01,588,2,25099,0.25800,
2688203,2012-12-31,2012-01-01,588,2,15522,0.25700,
2688202,2012-12-31,2012-01-01,588,2,05318,0.25700,
2688201,2012-12-31,2012-01-01,588,2,73268,0.25700,
2688200,2012-12-31,2012-01-01,588,2,76248,0.25700,
2688199,2012-12-31,2012-01-01,588,2,54518,0.25600,
2688198,2012-12-31,2012-01-01,588,2,15407,0.25600,
2688197,2012-12-31,2012-01-01,588,2,76130,0.25600,
2688196,2012-12-31,2012-01-01,588,2,05664,0.25500,
2688195,2012-12-31,2012-01-01,588,2,05264,0.25400,
2688194,2012-12-31,2012-01-01,588,2,50006,0.25400,
2688193,2012-12-31,2012-01-01,588,2,76113,0.25400,
2688192,2012-12-31,2012-01-01,588,2,50124,0.25300,
2688191,2012-12-31,2012-01-01,588,2,54001,0.25300,
2688190,2012-12-31,2012-01-01,588,2,05368,0.25200,
2688189,2012-12-31,2012-01-01,588,2,15176,0.25200,
2688188,2012-12-31,2012-01-01,588,2,73449,0.25200,
2688187,2012-12-31,2012-01-01,588,2,25612,0.25100,
2688186,2012-12-31,2012-01-01,588,2,85010,0.25100,
2688185,2012-12-31,2012-01-01,588,2,25290,0.25000,
2688184,2012-12-31,2012-01-01,588,2,88564,0.25000,
2688183,2012-12-31,2012-01-01,588,2,15753,0.25000,
2688182,2012-12-31,2012-01-01,588,2,73349,0.24900,
2688181,2012-12-31,2012-01-01,588,2,25769,0.24900,
2688180,2012-12-31,2012-01-01,588,2,15322,0.24900,
2688179,2012-12-31,2012-01-01,588,2,68307,0.24900,
2688178,2012-12-31,2012-01-01,588,2,85001,0.24900,
2688177,2012-12-31,2012-01-01,588,2,05148,0.24800,
2688176,2012-12-31,2012-01-01,588,2,05400,0.24800,
2688175,2012-12-31,2012-01-01,588,2,25200,0.24800,
2688174,2012-12-31,2012-01-01,588,2,68547,0.24800,
2688173,2012-12-31,2012-01-01,588,2,68132,0.24800,
2688172,2012-12-31,2012-01-01,588,2,68432,0.24700,
2688171,2012-12-31,2012-01-01,588,2,05237,0.24700,
2688170,2012-12-31,2012-01-01,588,2,41885,0.24700,
2688169,2012-12-31,2012-01-01,588,2,97666,0.24500,
2688168,2012-12-31,2012-01-01,588,2,85230,0.24500,
2688167,2012-12-31,2012-01-01,588,2,76520,0.24400,
2688166,2012-12-31,2012-01-01,588,2,15466,0.24400,
2688165,2012-12-31,2012-01-01,588,2,25322,0.24300,
2688164,2012-12-31,2012-01-01,588,2,25754,0.24100,
2688163,2012-12-31,2012-01-01,588,2,68755,0.24100,
2688162,2012-12-31,2012-01-01,588,2,73001,0.24100,
2688161,2012-12-31,2012-01-01,588,2,85440,0.24000,
2688160,2012-12-31,2012-01-01,588,2,15516,0.24000,
2688159,2012-12-31,2012-01-01,588,2,41001,0.23900,
2688158,2012-12-31,2012-01-01,588,2,05697,0.23900,
2688157,2012-12-31,2012-01-01,588,2,25295,0.23600,
2688156,2012-12-31,2012-01-01,588,2,25843,0.23500,
2688155,2012-12-31,2012-01-01,588,2,63001,0.23300,
2688154,2012-12-31,2012-01-01,588,2,25740,0.23300,
2688153,2012-12-31,2012-01-01,588,2,66170,0.23200,
2688152,2012-12-31,2012-01-01,588,2,05380,0.23000,
2688151,2012-12-31,2012-01-01,588,2,85410,0.22900,
2688150,2012-12-31,2012-01-01,588,2,66001,0.22800,
2688149,2012-12-31,2012-01-01,588,2,25430,0.22800,
2688148,2012-12-31,2012-01-01,588,2,25377,0.22600,
2688147,2012-12-31,2012-01-01,588,2,25307,0.22600,
2688146,2012-12-31,2012-01-01,588,2,76892,0.22600,
2688145,2012-12-31,2012-01-01,588,2,05440,0.22500,
2688144,2012-12-31,2012-01-01,588,2,76001,0.22500,
2688143,2012-12-31,2012-01-01,588,2,68276,0.22400,
2688142,2012-12-31,2012-01-01,588,2,15001,0.22300,
2688141,2012-12-31,2012-01-01,588,2,25260,0.22300,
2688140,2012-12-31,2012-01-01,588,2,25269,0.22300,
2688139,2012-12-31,2012-01-01,588,2,20400,0.22300,
2688138,2012-12-31,2012-01-01,588,2,15238,0.22200,
2688137,2012-12-31,2012-01-01,588,2,15759,0.22100,
2688136,2012-12-31,2012-01-01,588,2,13001,0.22000,
2688135,2012-12-31,2012-01-01,588,2,08001,0.21900,
2688134,2012-12-31,2012-01-01,588,2,05129,0.21800,
2688133,2012-12-31,2012-01-01,588,2,05088,0.21500,
2688132,2012-12-31,2012-01-01,588,2,68679,0.21500,
2688131,2012-12-31,2012-01-01,588,2,17001,0.21500,
2688130,2012-12-31,2012-01-01,588,2,05321,0.21300,
2688129,2012-12-31,2012-01-01,588,2,85300,0.21300,
2688128,2012-12-31,2012-01-01,588,2,25899,0.21100,
2688127,2012-12-31,2012-01-01,588,2,05308,0.21100,
2688126,2012-12-31,2012-01-01,588,2,08573,0.20600,
2688125,2012-12-31,2012-01-01,588,2,05376,0.20600,
2688124,2012-12-31,2012-01-01,588,2,05212,0.20400,
2688123,2012-12-31,2012-01-01,588,2,05607,0.20300,
2688122,2012-12-31,2012-01-01,588,2,68001,0.19900,
2688121,2012-12-31,2012-01-01,588,2,25473,0.19300,
2688120,2012-12-31,2012-01-01,588,2,25126,0.19200,
2688119,2012-12-31,2012-01-01,588,2,25758,0.19000,
2688118,2012-12-31,2012-01-01,588,2,68081,0.18700,
2688117,2012-12-31,2012-01-01,588,2,15491,0.18600,
2688116,2012-12-31,2012-01-01,588,2,25286,0.18500,
2688115,2012-12-31,2012-01-01,588,2,25175,0.18400,
2688114,2012-12-31,2012-01-01,588,2,05001,0.18300,
2688113,2012-12-31,2012-01-01,588,2,50150,0.18200,
2688112,2012-12-31,2012-01-01,588,2,05360,0.17900,
2688111,2012-12-31,2012-01-01,588,2,05615,0.17700,
2688110,2012-12-31,2012-01-01,588,2,85162,0.17300,
2688109,2012-12-31,2012-01-01,588,2,25799,0.16400,
2688108,2012-12-31,2012-01-01,588,2,11001,0.16100,
2688107,2012-12-31,2012-01-01,588,2,05266,0.15900,
2688106,2012-12-31,2012-01-01,588,2,05631,0.13200,
2688105,2012-12-31,2012-01-01,588,2,25214,0.06300,
2688104,2012-12-31,2012-01-01,588,2,25817,0.00000,
2688103,2012-12-31,2012-01-01,588,2,,0.52000,86
2688102,2012-12-31,2012-01-01,588,2,,0.51000,99
2688101,2012-12-31,2012-01-01,588,2,,0.46000,95
2688100,2012-12-31,2012-01-01,588,2,,0.46000,18
2688099,2012-12-31,2012-01-01,588,2,,0.45000,52
2688098,2012-12-31,2012-01-01,588,2,,0.41000,19
2688097,2012-12-31,2012-01-01,588,2,,0.41000,94
2688096,2012-12-31,2012-01-01,588,2,,0.40000,27
2688095,2012-12-31,2012-01-01,588,2,,0.39000,91
2688094,2012-12-31,2012-01-01,588,2,,0.38000,88
2688093,2012-12-31,2012-01-01,588,2,,0.37000,81
2688092,2012-12-31,2012-01-01,588,2,,0.36000,50
2688091,2012-12-31,2012-01-01,588,2,,0.36000,44
2688090,2012-12-31,2012-01-01,588,2,,0.33000,23
2688089,2012-12-31,2012-01-01,588,2,,0.33000,97
2688088,2012-12-31,2012-01-01,588,2,,0.32000,70
2688087,2012-12-31,2012-01-01,588,2,,0.30000,54
2688086,2012-12-31,2012-01-01,588,2,,0.30000,13
2688085,2012-12-31,2012-01-01,588,2,,0.30000,47
2688084,2012-12-31,2012-01-01,588,2,,0.29000,76
2688083,2012-12-31,2012-01-01,588,2,,0.29000,41
2688082,2012-12-31,2012-01-01,588,2,,0.29000,73
2688081,2012-12-31,2012-01-01,588,2,,0.29000,05
2688080,2012-12-31,2012-01-01,588,2,,0.28000,85
2688079,2012-12-31,2012-01-01,588,2,,0.27000,20
2688078,2012-12-31,2012-01-01,588,2,,0.27000,15
2688077,2012-12-31,2012-01-01,588,2,,0.27000,63
2688076,2012-12-31,2012-01-01,588,2,,0.27000,25
2688075,2012-12-31,2012-01-01,588,2,,0.26000,68
2688074,2012-12-31,2012-01-01,588,2,,0.26000,17
2688073,2012-12-31,2012-01-01,588,2,,0.25000,08
2688072,2012-12-31,2012-01-01,588,2,,0.25000,66
2688071,2012-12-31,2012-01-01,588,2,,0.16000,11
2689225,2012-12-31,2012-01-01,588,2,54250,1.00000,
2689224,2012-12-31,2012-01-01,588,2,27073,0.78200,
2689223,2012-12-31,2012-01-01,588,2,05873,0.69800,
2689222,2012-12-31,2012-01-01,588,2,52612,0.68100,
2689221,2012-12-31,2012-01-01,588,2,52079,0.63600,
2689220,2012-12-31,2012-01-01,588,2,86573,0.63100,
2689219,2012-12-31,2012-01-01,588,2,19142,0.62800,
2689218,2012-12-31,2012-01-01,588,2,52835,0.61400,
2689217,2012-12-31,2012-01-01,588,2,54206,0.59900,
2689216,2012-12-31,2012-01-01,588,2,19809,0.59900,
2689215,2012-12-31,2012-01-01,588,2,52621,0.59900,
2689214,2012-12-31,2012-01-01,588,2,95200,0.57900,
2689213,2012-12-31,2012-01-01,588,2,19050,0.55800,
2689212,2012-12-31,2012-01-01,588,2,86568,0.55700,
2689211,2012-12-31,2012-01-01,588,2,19780,0.55700,
2689210,2012-12-31,2012-01-01,588,2,50711,0.55700,
2689209,2012-12-31,2012-01-01,588,2,50370,0.55400,
2689208,2012-12-31,2012-01-01,588,2,52540,0.54300,
2689207,2012-12-31,2012-01-01,588,2,19364,0.54300,
2689206,2012-12-31,2012-01-01,588,2,86757,0.54100,
2689205,2012-12-31,2012-01-01,588,2,94888,0.54000,
2689204,2012-12-31,2012-01-01,588,2,95015,0.53900,
2689203,2012-12-31,2012-01-01,588,2,27491,0.53800,
2689202,2012-12-31,2012-01-01,588,2,18150,0.53600,
2689201,2012-12-31,2012-01-01,588,2,99773,0.53400,
2689200,2012-12-31,2012-01-01,588,2,19533,0.53200,
2689199,2012-12-31,2012-01-01,588,2,86571,0.52700,
2689198,2012-12-31,2012-01-01,588,2,52256,0.52400,
2689197,2012-12-31,2012-01-01,588,2,18592,0.52300,
2689196,2012-12-31,2012-01-01,588,2,05107,0.52100,
2689195,2012-12-31,2012-01-01,588,2,68686,0.52000,
2689194,2012-12-31,2012-01-01,588,2,94343,0.50700,
2689193,2012-12-31,2012-01-01,588,2,94884,0.50700,
2689192,2012-12-31,2012-01-01,588,2,91530,0.50500,
2689191,2012-12-31,2012-01-01,588,2,81065,0.50400,
2689190,2012-12-31,2012-01-01,588,2,86569,0.50300,
2689189,2012-12-31,2012-01-01,588,2,18460,0.50100,
2689188,2012-12-31,2012-01-01,588,2,50325,0.49700,
2689187,2012-12-31,2012-01-01,588,2,86865,0.49500,
2689186,2012-12-31,2012-01-01,588,2,18785,0.49300,
2689185,2012-12-31,2012-01-01,588,2,52427,0.49300,
2689184,2012-12-31,2012-01-01,588,2,18205,0.49200,
2689183,2012-12-31,2012-01-01,588,2,94885,0.49100,
2689182,2012-12-31,2012-01-01,588,2,97777,0.49100,
2689181,2012-12-31,2012-01-01,588,2,97511,0.48900,
2689180,2012-12-31,2012-01-01,588,2,18410,0.48900,
2689179,2012-12-31,2012-01-01,588,2,91536,0.48800,
2689178,2012-12-31,2012-01-01,588,2,94887,0.48800,
2689177,2012-12-31,2012-01-01,588,2,91669,0.48700,
2689176,2012-12-31,2012-01-01,588,2,91263,0.48600,
2689175,2012-12-31,2012-01-01,588,2,52696,0.48500,
2689174,2012-12-31,2012-01-01,588,2,05895,0.48500,
2689173,2012-12-31,2012-01-01,588,2,91460,0.48400,
2689172,2012-12-31,2012-01-01,588,2,54800,0.48400,
2689171,2012-12-31,2012-01-01,588,2,94886,0.48400,
2689170,2012-12-31,2012-01-01,588,2,52490,0.48400,
2689169,2012-12-31,2012-01-01,588,2,91430,0.48200,
2689168,2012-12-31,2012-01-01,588,2,27660,0.48100,
2689167,2012-12-31,2012-01-01,588,2,50590,0.48000,
2689166,2012-12-31,2012-01-01,588,2,94663,0.48000,
2689165,2012-12-31,2012-01-01,588,2,91405,0.48000,
2689164,2012-12-31,2012-01-01,588,2,94883,0.47700,
2689163,2012-12-31,2012-01-01,588,2,18256,0.47600,
2689162,2012-12-31,2012-01-01,588,2,18756,0.47500,
2689161,2012-12-31,2012-01-01,588,2,95025,0.47400,
2689160,2012-12-31,2012-01-01,588,2,50400,0.47300,
2689159,2012-12-31,2012-01-01,588,2,91798,0.47300,
2689158,2012-12-31,2012-01-01,588,2,41206,0.47200,
2689157,2012-12-31,2012-01-01,588,2,27077,0.47100,
2689156,2012-12-31,2012-01-01,588,2,97889,0.47000,
2689155,2012-12-31,2012-01-01,588,2,91407,0.46800,
2689154,2012-12-31,2012-01-01,588,2,19256,0.46700,
2689153,2012-12-31,2012-01-01,588,2,19318,0.46600,
2689152,2012-12-31,2012-01-01,588,2,85136,0.46500,
2689151,2012-12-31,2012-01-01,588,2,18479,0.46400,
2689150,2012-12-31,2012-01-01,588,2,41078,0.46400,
2689149,2012-12-31,2012-01-01,588,2,27413,0.46300,
2689148,2012-12-31,2012-01-01,588,2,05819,0.46200,
2689147,2012-12-31,2012-01-01,588,2,27430,0.46200,
2689146,2012-12-31,2012-01-01,588,2,50330,0.45900,
2689145,2012-12-31,2012-01-01,588,2,19418,0.45600,
2689144,2012-12-31,2012-01-01,588,2,05854,0.45600,
2689143,2012-12-31,2012-01-01,588,2,27787,0.45500,
2689142,2012-12-31,2012-01-01,588,2,81591,0.45500,
2689141,2012-12-31,2012-01-01,588,2,18029,0.45400,
2689140,2012-12-31,2012-01-01,588,2,27245,0.45300,
2689139,2012-12-31,2012-01-01,588,2,91540,0.45200,
2689138,2012-12-31,2012-01-01,588,2,50251,0.45000,
2689137,2012-12-31,2012-01-01,588,2,05736,0.44800,
2689136,2012-12-31,2012-01-01,588,2,18753,0.44700,
2689135,2012-12-31,2012-01-01,588,2,05361,0.44600,
2689134,2012-12-31,2012-01-01,588,2,18610,0.44600,
2689133,2012-12-31,2012-01-01,588,2,05647,0.44600,
2689132,2012-12-31,2012-01-01,588,2,52250,0.44200,
2689131,2012-12-31,2012-01-01,588,2,27450,0.44000,
2689130,2012-12-31,2012-01-01,588,2,52405,0.44000,
2689129,2012-12-31,2012-01-01,588,2,50450,0.43800,
2689128,2012-12-31,2012-01-01,588,2,81794,0.43800,
2689127,2012-12-31,2012-01-01,588,2,27745,0.43700,
2689126,2012-12-31,2012-01-01,588,2,54670,0.43700,
2689125,2012-12-31,2012-01-01,588,2,05790,0.43600,
2689124,2012-12-31,2012-01-01,588,2,05120,0.43500,
2689123,2012-12-31,2012-01-01,588,2,73616,0.43500,
2689122,2012-12-31,2012-01-01,588,2,52520,0.43500,
2689121,2012-12-31,2012-01-01,588,2,52435,0.43400,
2689120,2012-12-31,2012-01-01,588,2,95001,0.43300,
2689119,2012-12-31,2012-01-01,588,2,05604,0.43300,
2689118,2012-12-31,2012-01-01,588,2,54245,0.43200,
2689117,2012-12-31,2012-01-01,588,2,27250,0.43000,
2689116,2012-12-31,2012-01-01,588,2,05040,0.43000,
2689115,2012-12-31,2012-01-01,588,2,19075,0.42900,
2689114,2012-12-31,2012-01-01,588,2,19450,0.42800,
2689113,2012-12-31,2012-01-01,588,2,54810,0.42700,
2689112,2012-12-31,2012-01-01,588,2,54344,0.42600,
2689111,2012-12-31,2012-01-01,588,2,19473,0.42600,
2689110,2012-12-31,2012-01-01,588,2,52786,0.42500,
2689109,2012-12-31,2012-01-01,588,2,27150,0.42300,
2689108,2012-12-31,2012-01-01,588,2,19130,0.42300,
2689107,2012-12-31,2012-01-01,588,2,50350,0.42100,
2689106,2012-12-31,2012-01-01,588,2,27425,0.42000,
2689105,2012-12-31,2012-01-01,588,2,73168,0.41800,
2689104,2012-12-31,2012-01-01,588,2,52473,0.41800,
2689103,2012-12-31,2012-01-01,588,2,41020,0.41700,
2689102,2012-12-31,2012-01-01,588,2,41660,0.41700,
2689101,2012-12-31,2012-01-01,588,2,13458,0.41700,
2689100,2012-12-31,2012-01-01,588,2,52678,0.41700,
2689099,2012-12-31,2012-01-01,588,2,13670,0.41500,
2689098,2012-12-31,2012-01-01,588,2,23807,0.41500,
2689097,2012-12-31,2012-01-01,588,2,54720,0.41500,
2689096,2012-12-31,2012-01-01,588,2,19785,0.41500,
2689095,2012-12-31,2012-01-01,588,2,73624,0.41400,
2689094,2012-12-31,2012-01-01,588,2,52411,0.41400,
2689093,2012-12-31,2012-01-01,588,2,86320,0.41300,
2689092,2012-12-31,2012-01-01,588,2,27615,0.41300,
2689091,2012-12-31,2012-01-01,588,2,52699,0.41300,
2689090,2012-12-31,2012-01-01,588,2,73067,0.41300,
2689089,2012-12-31,2012-01-01,588,2,19100,0.41100,
2689088,2012-12-31,2012-01-01,588,2,99524,0.41000,
2689087,2012-12-31,2012-01-01,588,2,52233,0.41000,
2689086,2012-12-31,2012-01-01,588,2,19701,0.40900,
2689085,2012-12-31,2012-01-01,588,2,05480,0.40900,
2689084,2012-12-31,2012-01-01,588,2,05475,0.40800,
2689083,2012-12-31,2012-01-01,588,2,50577,0.40800,
2689082,2012-12-31,2012-01-01,588,2,13042,0.40700,
2689081,2012-12-31,2012-01-01,588,2,73555,0.40700,
2689080,2012-12-31,2012-01-01,588,2,05134,0.40500,
2689079,2012-12-31,2012-01-01,588,2,19290,0.40400,
2689078,2012-12-31,2012-01-01,588,2,18094,0.40400,
2689077,2012-12-31,2012-01-01,588,2,05234,0.40300,
2689076,2012-12-31,2012-01-01,588,2,73675,0.40300,
2689075,2012-12-31,2012-01-01,588,2,13688,0.40100,
2689074,2012-12-31,2012-01-01,588,2,23580,0.40100,
2689073,2012-12-31,2012-01-01,588,2,76246,0.39900,
2689072,2012-12-31,2012-01-01,588,2,50223,0.39900,
2689071,2012-12-31,2012-01-01,588,2,27025,0.39700,
2689070,2012-12-31,2012-01-01,588,2,44090,0.39600,
2689069,2012-12-31,2012-01-01,588,2,23500,0.39600,
2689068,2012-12-31,2012-01-01,588,2,27006,0.39500,
2689067,2012-12-31,2012-01-01,588,2,47460,0.39500,
2689066,2012-12-31,2012-01-01,588,2,13490,0.39400,
2689065,2012-12-31,2012-01-01,588,2,18860,0.39300,
2689064,2012-12-31,2012-01-01,588,2,13744,0.39200,
2689063,2012-12-31,2012-01-01,588,2,05652,0.39200,
2689062,2012-12-31,2012-01-01,588,2,27800,0.39000,
2689061,2012-12-31,2012-01-01,588,2,15377,0.39000,
2689060,2012-12-31,2012-01-01,588,2,19622,0.39000,
2689059,2012-12-31,2012-01-01,588,2,23815,0.38900,
2689058,2012-12-31,2012-01-01,588,2,76250,0.38900,
2689057,2012-12-31,2012-01-01,588,2,23682,0.38900,
2689056,2012-12-31,2012-01-01,588,2,52390,0.38800,
2689055,2012-12-31,2012-01-01,588,2,19022,0.38800,
2689054,2012-12-31,2012-01-01,588,2,66572,0.38800,
2689053,2012-12-31,2012-01-01,588,2,73622,0.38700,
2689052,2012-12-31,2012-01-01,588,2,27075,0.38700,
2689051,2012-12-31,2012-01-01,588,2,19392,0.38600,
2689050,2012-12-31,2012-01-01,588,2,18247,0.38600,
2689049,2012-12-31,2012-01-01,588,2,19821,0.38600,
2689048,2012-12-31,2012-01-01,588,2,52258,0.38600,
2689047,2012-12-31,2012-01-01,588,2,27099,0.38500,
2689046,2012-12-31,2012-01-01,588,2,44560,0.38500,
2689045,2012-12-31,2012-01-01,588,2,88001,0.38500,
2689044,2012-12-31,2012-01-01,588,2,73352,0.38500,
2689043,2012-12-31,2012-01-01,588,2,19532,0.38400,
2689042,2012-12-31,2012-01-01,588,2,27050,0.38400,
2689041,2012-12-31,2012-01-01,588,2,86885,0.38400,
2689040,2012-12-31,2012-01-01,588,2,19110,0.38400,
2689039,2012-12-31,2012-01-01,588,2,13160,0.38400,
2689038,2012-12-31,2012-01-01,588,2,85400,0.38400,
2689037,2012-12-31,2012-01-01,588,2,54109,0.38300,
2689036,2012-12-31,2012-01-01,588,2,81736,0.38300,
2689035,2012-12-31,2012-01-01,588,2,13810,0.38200,
2689034,2012-12-31,2012-01-01,588,2,19212,0.38200,
2689033,2012-12-31,2012-01-01,588,2,13655,0.38100,
2689032,2012-12-31,2012-01-01,588,2,70265,0.38100,
2689031,2012-12-31,2012-01-01,588,2,73854,0.38100,
2689030,2012-12-31,2012-01-01,588,2,54553,0.38000,
2689029,2012-12-31,2012-01-01,588,2,54128,0.38000,
2689028,2012-12-31,2012-01-01,588,2,27135,0.37900,
2689027,2012-12-31,2012-01-01,588,2,44847,0.37900,
2689026,2012-12-31,2012-01-01,588,2,41359,0.37900,
2689025,2012-12-31,2012-01-01,588,2,27361,0.37800,
2689024,2012-12-31,2012-01-01,588,2,05495,0.37700,
2689023,2012-12-31,2012-01-01,588,2,41770,0.37700,
2689022,2012-12-31,2012-01-01,588,2,41006,0.37700,
2689021,2012-12-31,2012-01-01,588,2,68101,0.37600,
2689020,2012-12-31,2012-01-01,588,2,52838,0.37600,
2689019,2012-12-31,2012-01-01,588,2,54385,0.37500,
2689018,2012-12-31,2012-01-01,588,2,52036,0.37500,
2689017,2012-12-31,2012-01-01,588,2,13074,0.37500,
2689016,2012-12-31,2012-01-01,588,2,13473,0.37400,
2689015,2012-12-31,2012-01-01,588,2,27580,0.37400,
2689014,2012-12-31,2012-01-01,588,2,19397,0.37400,
2689013,2012-12-31,2012-01-01,588,2,52203,0.37300,
2689012,2012-12-31,2012-01-01,588,2,19693,0.37200,
2689011,2012-12-31,2012-01-01,588,2,85315,0.37100,
2689010,2012-12-31,2012-01-01,588,2,52210,0.37100,
2689009,2012-12-31,2012-01-01,588,2,13030,0.37000,
2689008,2012-12-31,2012-01-01,588,2,73873,0.37000,
2689007,2012-12-31,2012-01-01,588,2,23419,0.37000,
2689006,2012-12-31,2012-01-01,588,2,54261,0.37000,
2689005,2012-12-31,2012-01-01,588,2,76616,0.37000,
2689004,2012-12-31,2012-01-01,588,2,41799,0.37000,
2689003,2012-12-31,2012-01-01,588,2,05055,0.36900,
2689002,2012-12-31,2012-01-01,588,2,81300,0.36900,
2689001,2012-12-31,2012-01-01,588,2,47161,0.36900,
2689000,2012-12-31,2012-01-01,588,2,68720,0.36900,
2688999,2012-12-31,2012-01-01,588,2,47545,0.36900,
2688998,2012-12-31,2012-01-01,588,2,73043,0.36800,
2688997,2012-12-31,2012-01-01,588,2,19760,0.36800,
2688996,2012-12-31,2012-01-01,588,2,13300,0.36800,
2688995,2012-12-31,2012-01-01,588,2,27372,0.36800,
2688994,2012-12-31,2012-01-01,588,2,52224,0.36700,
2688993,2012-12-31,2012-01-01,588,2,23466,0.36700,
2688992,2012-12-31,2012-01-01,588,2,15550,0.36600,
2688991,2012-12-31,2012-01-01,588,2,41378,0.36600,
2688990,2012-12-31,2012-01-01,588,2,05628,0.36600,
2688989,2012-12-31,2012-01-01,588,2,52565,0.36500,
2688988,2012-12-31,2012-01-01,588,2,73152,0.36500,
2688987,2012-12-31,2012-01-01,588,2,76243,0.36500,
2688986,2012-12-31,2012-01-01,588,2,63548,0.36500,
2688985,2012-12-31,2012-01-01,588,2,50683,0.36400,
2688984,2012-12-31,2012-01-01,588,2,73124,0.36400,
2688983,2012-12-31,2012-01-01,588,2,19455,0.36400,
2688982,2012-12-31,2012-01-01,588,2,41668,0.36400,
2688981,2012-12-31,2012-01-01,588,2,68298,0.36400,
2688980,2012-12-31,2012-01-01,588,2,13006,0.36300,
2688979,2012-12-31,2012-01-01,588,2,85279,0.36300,
2688978,2012-12-31,2012-01-01,588,2,05483,0.36300,
2688977,2012-12-31,2012-01-01,588,2,52399,0.36200,
2688976,2012-12-31,2012-01-01,588,2,73520,0.36200,
2688975,2012-12-31,2012-01-01,588,2,52418,0.36200,
2688974,2012-12-31,2012-01-01,588,2,23068,0.36200,
2688973,2012-12-31,2012-01-01,588,2,54398,0.36200,
2688972,2012-12-31,2012-01-01,588,2,13667,0.36200,
2688971,2012-12-31,2012-01-01,588,2,23574,0.36100,
2688970,2012-12-31,2012-01-01,588,2,70230,0.36100,
2688969,2012-12-31,2012-01-01,588,2,68385,0.36100,
2688968,2012-12-31,2012-01-01,588,2,73226,0.36100,
2688967,2012-12-31,2012-01-01,588,2,41530,0.36100,
2688966,2012-12-31,2012-01-01,588,2,66045,0.36100,
2688965,2012-12-31,2012-01-01,588,2,13683,0.36100,
2688964,2012-12-31,2012-01-01,588,2,54051,0.36100,
2688963,2012-12-31,2012-01-01,588,2,05313,0.36100,
2688962,2012-12-31,2012-01-01,588,2,13600,0.36000,
2688961,2012-12-31,2012-01-01,588,2,13620,0.36000,
2688960,2012-12-31,2012-01-01,588,2,52254,0.36000,
2688959,2012-12-31,2012-01-01,588,2,52215,0.36000,
2688958,2012-12-31,2012-01-01,588,2,52381,0.36000,
2688957,2012-12-31,2012-01-01,588,2,15212,0.36000,
2688956,2012-12-31,2012-01-01,588,2,68705,0.36000,
2688955,2012-12-31,2012-01-01,588,2,68250,0.36000,
2688954,2012-12-31,2012-01-01,588,2,41676,0.36000,
2688953,2012-12-31,2012-01-01,588,2,47660,0.35900,
2688952,2012-12-31,2012-01-01,588,2,68217,0.35900,
2688951,2012-12-31,2012-01-01,588,2,94001,0.35800,
2688950,2012-12-31,2012-01-01,588,2,86001,0.35800,
2688949,2012-12-31,2012-01-01,588,2,52378,0.35700,
2688948,2012-12-31,2012-01-01,588,2,41503,0.35700,
2688947,2012-12-31,2012-01-01,588,2,70429,0.35600,
2688946,2012-12-31,2012-01-01,588,2,27001,0.35600,
2688945,2012-12-31,2012-01-01,588,2,13654,0.35600,
2688944,2012-12-31,2012-01-01,588,2,70678,0.35600,
2688943,2012-12-31,2012-01-01,588,2,52019,0.35500,
2688942,2012-12-31,2012-01-01,588,2,25120,0.35500,
2688941,2012-12-31,2012-01-01,588,2,13650,0.35500,
2688940,2012-12-31,2012-01-01,588,2,20570,0.35500,
2688939,2012-12-31,2012-01-01,588,2,47170,0.35500,
2688938,2012-12-31,2012-01-01,588,2,17662,0.35500,
2688937,2012-12-31,2012-01-01,588,2,76041,0.35500,
2688936,2012-12-31,2012-01-01,588,2,73217,0.35500,
2688935,2012-12-31,2012-01-01,588,2,23670,0.35400,
2688934,2012-12-31,2012-01-01,588,2,23090,0.35400,
2688933,2012-12-31,2012-01-01,588,2,05642,0.35400,
2688932,2012-12-31,2012-01-01,588,2,20310,0.35400,
2688931,2012-12-31,2012-01-01,588,2,23855,0.35400,
2688930,2012-12-31,2012-01-01,588,2,25518,0.35400,
2688929,2012-12-31,2012-01-01,588,2,68502,0.35400,
2688928,2012-12-31,2012-01-01,588,2,23678,0.35300,
2688927,2012-12-31,2012-01-01,588,2,19517,0.35300,
2688926,2012-12-31,2012-01-01,588,2,73870,0.35300,
2688925,2012-12-31,2012-01-01,588,2,41801,0.35300,
2688924,2012-12-31,2012-01-01,588,2,66456,0.35300,
2688923,2012-12-31,2012-01-01,588,2,23350,0.35200,
2688922,2012-12-31,2012-01-01,588,2,25438,0.35200,
2688921,2012-12-31,2012-01-01,588,2,47258,0.35200,
2688920,2012-12-31,2012-01-01,588,2,18001,0.35200,
2688919,2012-12-31,2012-01-01,588,2,52385,0.35200,
2688918,2012-12-31,2012-01-01,588,2,70418,0.35200,
2688917,2012-12-31,2012-01-01,588,2,13244,0.35200,
2688916,2012-12-31,2012-01-01,588,2,23079,0.35200,
2688915,2012-12-31,2012-01-01,588,2,25506,0.35200,
2688914,2012-12-31,2012-01-01,588,2,05250,0.35200,
2688913,2012-12-31,2012-01-01,588,2,41357,0.35100,
2688912,2012-12-31,2012-01-01,588,2,19585,0.35100,
2688911,2012-12-31,2012-01-01,588,2,15442,0.35100,
2688910,2012-12-31,2012-01-01,588,2,73024,0.35100,
2688909,2012-12-31,2012-01-01,588,2,25823,0.35100,
2688908,2012-12-31,2012-01-01,588,2,54223,0.35000,
2688907,2012-12-31,2012-01-01,588,2,50270,0.35000,
2688906,2012-12-31,2012-01-01,588,2,97161,0.35000,
2688905,2012-12-31,2012-01-01,588,2,68020,0.35000,
2688904,2012-12-31,2012-01-01,588,2,41791,0.34900,
2688903,2012-12-31,2012-01-01,588,2,25885,0.34900,
2688902,2012-12-31,2012-01-01,588,2,41483,0.34900,
2688901,2012-12-31,2012-01-01,588,2,25398,0.34900,
2688900,2012-12-31,2012-01-01,588,2,27495,0.34900,
2688899,2012-12-31,2012-01-01,588,2,54003,0.34900,
2688898,2012-12-31,2012-01-01,588,2,52110,0.34900,
2688897,2012-12-31,2012-01-01,588,2,13760,0.34900,
2688896,2012-12-31,2012-01-01,588,2,19824,0.34900,
2688895,2012-12-31,2012-01-01,588,2,52287,0.34800,
2688894,2012-12-31,2012-01-01,588,2,05842,0.34800,
2688893,2012-12-31,2012-01-01,588,2,73504,0.34800,
2688892,2012-12-31,2012-01-01,588,2,25862,0.34800,
2688891,2012-12-31,2012-01-01,588,2,52260,0.34800,
2688890,2012-12-31,2012-01-01,588,2,63302,0.34800,
2688889,2012-12-31,2012-01-01,588,2,73461,0.34700,
2688888,2012-12-31,2012-01-01,588,2,52694,0.34700,
2688887,2012-12-31,2012-01-01,588,2,05858,0.34700,
2688886,2012-12-31,2012-01-01,588,2,52693,0.34700,
2688885,2012-12-31,2012-01-01,588,2,23168,0.34700,
2688884,2012-12-31,2012-01-01,588,2,68152,0.34700,
2688883,2012-12-31,2012-01-01,588,2,50313,0.34700,
2688882,2012-12-31,2012-01-01,588,2,05659,0.34600,
2688881,2012-12-31,2012-01-01,588,2,52051,0.34600,
2688880,2012-12-31,2012-01-01,588,2,76054,0.34600,
2688879,2012-12-31,2012-01-01,588,2,73686,0.34600,
2688878,2012-12-31,2012-01-01,588,2,15621,0.34600,
2688877,2012-12-31,2012-01-01,588,2,70473,0.34600,
2688876,2012-12-31,2012-01-01,588,2,05885,0.34600,
2688875,2012-12-31,2012-01-01,588,2,47745,0.34600,
2688874,2012-12-31,2012-01-01,588,2,70713,0.34600,
2688873,2012-12-31,2012-01-01,588,2,05543,0.34600,
2688872,2012-12-31,2012-01-01,588,2,27810,0.34600,
2688871,2012-12-31,2012-01-01,588,2,05125,0.34600,
2688870,2012-12-31,2012-01-01,588,2,19355,0.34600,
2688869,2012-12-31,2012-01-01,588,2,52585,0.34500,
2688868,2012-12-31,2012-01-01,588,2,13873,0.34500,
2688867,2012-12-31,2012-01-01,588,2,15533,0.34500,
2688866,2012-12-31,2012-01-01,588,2,13268,0.34500,
2688865,2012-12-31,2012-01-01,588,2,68368,0.34500,
2688864,2012-12-31,2012-01-01,588,2,47960,0.34500,
2688863,2012-12-31,2012-01-01,588,2,47798,0.34500,
2688862,2012-12-31,2012-01-01,588,2,25580,0.34500,
2688861,2012-12-31,2012-01-01,588,2,05490,0.34400,
2688860,2012-12-31,2012-01-01,588,2,52687,0.34400,
2688859,2012-12-31,2012-01-01,588,2,25653,0.34400,
2688858,2012-12-31,2012-01-01,588,2,66318,0.34400,
2688857,2012-12-31,2012-01-01,588,2,05847,0.34400,
2688856,2012-12-31,2012-01-01,588,2,15507,0.34400,
2688855,2012-12-31,2012-01-01,588,2,99624,0.34400,
2688854,2012-12-31,2012-01-01,588,2,25168,0.34400,
2688853,2012-12-31,2012-01-01,588,2,68235,0.34400,
2688852,2012-12-31,2012-01-01,588,2,76275,0.34400,
2688851,2012-12-31,2012-01-01,588,2,47720,0.34400,
2688850,2012-12-31,2012-01-01,588,2,13549,0.34400,
2688849,2012-12-31,2012-01-01,588,2,68498,0.34300,
2688848,2012-12-31,2012-01-01,588,2,70233,0.34300,
2688847,2012-12-31,2012-01-01,588,2,47058,0.34300,
2688846,2012-12-31,2012-01-01,588,2,19137,0.34300,
2688845,2012-12-31,2012-01-01,588,2,68318,0.34300,
2688844,2012-12-31,2012-01-01,588,2,15580,0.34300,
2688843,2012-12-31,2012-01-01,588,2,19807,0.34300,
2688842,2012-12-31,2012-01-01,588,2,68673,0.34300,
2688841,2012-12-31,2012-01-01,588,2,54377,0.34200,
2688840,2012-12-31,2012-01-01,588,2,68780,0.34200,
2688839,2012-12-31,2012-01-01,588,2,70708,0.34200,
2688838,2012-12-31,2012-01-01,588,2,13440,0.34200,
2688837,2012-12-31,2012-01-01,588,2,41319,0.34200,
2688836,2012-12-31,2012-01-01,588,2,44430,0.34200,
2688835,2012-12-31,2012-01-01,588,2,68773,0.34200,
2688834,2012-12-31,2012-01-01,588,2,85225,0.34100,
2688833,2012-12-31,2012-01-01,588,2,41349,0.34100,
2688832,2012-12-31,2012-01-01,588,2,76109,0.34100,
2688831,2012-12-31,2012-01-01,588,2,15185,0.34100,
2688830,2012-12-31,2012-01-01,588,2,19698,0.34100,
2688829,2012-12-31,2012-01-01,588,2,76126,0.34100,
2688828,2012-12-31,2012-01-01,588,2,15681,0.34100,
2688827,2012-12-31,2012-01-01,588,2,27160,0.34100,
2688826,2012-12-31,2012-01-01,588,2,54743,0.34100,
2688825,2012-12-31,2012-01-01,588,2,47605,0.34100,
2688824,2012-12-31,2012-01-01,588,2,52685,0.34100,
2688823,2012-12-31,2012-01-01,588,2,25148,0.34100,
2688822,2012-12-31,2012-01-01,588,2,25530,0.34100,
2688821,2012-12-31,2012-01-01,588,2,47541,0.34000,
2688820,2012-12-31,2012-01-01,588,2,68245,0.34000,
2688819,2012-12-31,2012-01-01,588,2,68682,0.34000,
2688818,2012-12-31,2012-01-01,588,2,50287,0.34000,
2688817,2012-12-31,2012-01-01,588,2,68169,0.34000,
2688816,2012-12-31,2012-01-01,588,2,85125,0.34000,
2688815,2012-12-31,2012-01-01,588,2,76563,0.34000,
2688814,2012-12-31,2012-01-01,588,2,76233,0.34000,
2688813,2012-12-31,2012-01-01,588,2,25281,0.34000,
2688812,2012-12-31,2012-01-01,588,2,25394,0.34000,
2688811,2012-12-31,2012-01-01,588,2,52320,0.34000,
2688810,2012-12-31,2012-01-01,588,2,70523,0.33900,
2688809,2012-12-31,2012-01-01,588,2,47570,0.33900,
2688808,2012-12-31,2012-01-01,588,2,47053,0.33900,
2688807,2012-12-31,2012-01-01,588,2,08141,0.33900,
2688806,2012-12-31,2012-01-01,588,2,23162,0.33900,
2688805,2012-12-31,2012-01-01,588,2,15755,0.33900,
2688804,2012-12-31,2012-01-01,588,2,05044,0.33900,
2688803,2012-12-31,2012-01-01,588,2,68684,0.33900,
2688802,2012-12-31,2012-01-01,588,2,13673,0.33900,
2688801,2012-12-31,2012-01-01,588,2,52683,0.33800,
2688800,2012-12-31,2012-01-01,588,2,15664,0.33800,
2688799,2012-12-31,2012-01-01,588,2,52207,0.33800,
2688798,2012-12-31,2012-01-01,588,2,73563,0.33800,
2688797,2012-12-31,2012-01-01,588,2,47703,0.33800,
2688796,2012-12-31,2012-01-01,588,2,68324,0.33700,
2688795,2012-12-31,2012-01-01,588,2,05670,0.33700,
2688794,2012-12-31,2012-01-01,588,2,41807,0.33700,
2688793,2012-12-31,2012-01-01,588,2,76828,0.33700,
2688792,2012-12-31,2012-01-01,588,2,17541,0.33700,
2688791,2012-12-31,2012-01-01,588,2,68377,0.33700,
2688790,2012-12-31,2012-01-01,588,2,66075,0.33700,
2688789,2012-12-31,2012-01-01,588,2,13580,0.33700,
2688788,2012-12-31,2012-01-01,588,2,15187,0.33700,
2688787,2012-12-31,2012-01-01,588,2,13442,0.33600,
2688786,2012-12-31,2012-01-01,588,2,20295,0.33600,
2688785,2012-12-31,2012-01-01,588,2,27600,0.33600,
2688784,2012-12-31,2012-01-01,588,2,47980,0.33600,
2688783,2012-12-31,2012-01-01,588,2,68397,0.33600,
2688782,2012-12-31,2012-01-01,588,2,23570,0.33600,
2688781,2012-12-31,2012-01-01,588,2,05002,0.33600,
2688780,2012-12-31,2012-01-01,588,2,15774,0.33600,
2688779,2012-12-31,2012-01-01,588,2,15816,0.33600,
2688778,2012-12-31,2012-01-01,588,2,68444,0.33600,
2688777,2012-12-31,2012-01-01,588,2,13657,0.33600,
2688776,2012-12-31,2012-01-01,588,2,23675,0.33600,
2688775,2012-12-31,2012-01-01,588,2,15798,0.33600,
2688774,2012-12-31,2012-01-01,588,2,68820,0.33600,
2688773,2012-12-31,2012-01-01,588,2,20750,0.33600,
2688772,2012-12-31,2012-01-01,588,2,15325,0.33500,
2688771,2012-12-31,2012-01-01,588,2,50686,0.33500,
2688770,2012-12-31,2012-01-01,588,2,20621,0.33500,
2688769,2012-12-31,2012-01-01,588,2,20032,0.33500,
2688768,2012-12-31,2012-01-01,588,2,54125,0.33500,
2688767,2012-12-31,2012-01-01,588,2,25524,0.33500,
2688766,2012-12-31,2012-01-01,588,2,41244,0.33500,
2688765,2012-12-31,2012-01-01,588,2,54599,0.33500,
2688764,2012-12-31,2012-01-01,588,2,68468,0.33500,
2688763,2012-12-31,2012-01-01,588,2,15183,0.33500,
2688762,2012-12-31,2012-01-01,588,2,17665,0.33500,
2688761,2012-12-31,2012-01-01,588,2,68745,0.33400,
2688760,2012-12-31,2012-01-01,588,2,52083,0.33400,
2688759,2012-12-31,2012-01-01,588,2,47245,0.33400,
2688758,2012-12-31,2012-01-01,588,2,52720,0.33400,
2688757,2012-12-31,2012-01-01,588,2,76100,0.33400,
2688756,2012-12-31,2012-01-01,588,2,73236,0.33400,
2688755,2012-12-31,2012-01-01,588,2,05031,0.33400,
2688754,2012-12-31,2012-01-01,588,2,73770,0.33400,
2688753,2012-12-31,2012-01-01,588,2,70124,0.33400,
2688752,2012-12-31,2012-01-01,588,2,52573,0.33400,
2688751,2012-12-31,2012-01-01,588,2,27205,0.33300,
2688750,2012-12-31,2012-01-01,588,2,13140,0.33300,
2688749,2012-12-31,2012-01-01,588,2,70771,0.33300,
2688748,2012-12-31,2012-01-01,588,2,41396,0.33300,
2688747,2012-12-31,2012-01-01,588,2,15232,0.33300,
2688746,2012-12-31,2012-01-01,588,2,08436,0.33200,
2688745,2012-12-31,2012-01-01,588,2,17088,0.33200,
2688744,2012-12-31,2012-01-01,588,2,20175,0.33200,
2688743,2012-12-31,2012-01-01,588,2,23686,0.33200,
2688742,2012-12-31,2012-01-01,588,2,66687,0.33200,
2688741,2012-12-31,2012-01-01,588,2,20383,0.33200,
2688740,2012-12-31,2012-01-01,588,2,99001,0.33200,
2688739,2012-12-31,2012-01-01,588,2,52788,0.33200,
2688738,2012-12-31,2012-01-01,588,2,25339,0.33200,
2688737,2012-12-31,2012-01-01,588,2,15109,0.33200,
2688736,2012-12-31,2012-01-01,588,2,52560,0.33200,
2688735,2012-12-31,2012-01-01,588,2,63212,0.33200,
2688734,2012-12-31,2012-01-01,588,2,17444,0.33200,
2688733,2012-12-31,2012-01-01,588,2,05315,0.33200,
2688732,2012-12-31,2012-01-01,588,2,05890,0.33100,
2688731,2012-12-31,2012-01-01,588,2,13647,0.33100,
2688730,2012-12-31,2012-01-01,588,2,54347,0.33100,
2688729,2012-12-31,2012-01-01,588,2,54820,0.33100,
2688728,2012-12-31,2012-01-01,588,2,15476,0.33100,
2688727,2012-12-31,2012-01-01,588,2,25258,0.33100,
2688726,2012-12-31,2012-01-01,588,2,54520,0.33100,
2688725,2012-12-31,2012-01-01,588,2,41548,0.33100,
2688724,2012-12-31,2012-01-01,588,2,25372,0.33100,
2688723,2012-12-31,2012-01-01,588,2,81220,0.33100,
2688722,2012-12-31,2012-01-01,588,2,05665,0.33000,
2688721,2012-12-31,2012-01-01,588,2,08549,0.33000,
2688720,2012-12-31,2012-01-01,588,2,25299,0.33000,
2688719,2012-12-31,2012-01-01,588,2,47692,0.33000,
2688718,2012-12-31,2012-01-01,588,2,08606,0.33000,
2688717,2012-12-31,2012-01-01,588,2,23300,0.33000,
2688716,2012-12-31,2012-01-01,588,2,44001,0.33000,
2688715,2012-12-31,2012-01-01,588,2,54680,0.33000,
2688714,2012-12-31,2012-01-01,588,2,41306,0.33000,
2688713,2012-12-31,2012-01-01,588,2,08849,0.33000,
2688712,2012-12-31,2012-01-01,588,2,15842,0.33000,
2688711,2012-12-31,2012-01-01,588,2,68370,0.32900,
2688710,2012-12-31,2012-01-01,588,2,68264,0.32900,
2688709,2012-12-31,2012-01-01,588,2,20517,0.32900,
2688708,2012-12-31,2012-01-01,588,2,25805,0.32900,
2688707,2012-12-31,2012-01-01,588,2,15600,0.32900,
2688706,2012-12-31,2012-01-01,588,2,15804,0.32900,
2688705,2012-12-31,2012-01-01,588,2,13433,0.32900,
2688704,2012-12-31,2012-01-01,588,2,52885,0.32900,
2688703,2012-12-31,2012-01-01,588,2,20443,0.32900,
2688702,2012-12-31,2012-01-01,588,2,05051,0.32900,
2688701,2012-12-31,2012-01-01,588,2,08675,0.32900,
2688700,2012-12-31,2012-01-01,588,2,13838,0.32900,
2688699,2012-12-31,2012-01-01,588,2,54174,0.32800,
2688698,2012-12-31,2012-01-01,588,2,68464,0.32800,
2688697,2012-12-31,2012-01-01,588,2,73347,0.32800,
2688696,2012-12-31,2012-01-01,588,2,15832,0.32800,
2688695,2012-12-31,2012-01-01,588,2,47318,0.32800,
2688694,2012-12-31,2012-01-01,588,2,15226,0.32800,
2688693,2012-12-31,2012-01-01,588,2,15531,0.32800,
2688692,2012-12-31,2012-01-01,588,2,08421,0.32800,
2688691,2012-12-31,2012-01-01,588,2,13052,0.32700,
2688690,2012-12-31,2012-01-01,588,2,70204,0.32700,
2688689,2012-12-31,2012-01-01,588,2,19743,0.32700,
2688688,2012-12-31,2012-01-01,588,2,13222,0.32700,
2688687,2012-12-31,2012-01-01,588,2,47707,0.32700,
2688686,2012-12-31,2012-01-01,588,2,25368,0.32700,
2688685,2012-12-31,2012-01-01,588,2,47555,0.32700,
2688684,2012-12-31,2012-01-01,588,2,47205,0.32700,
2688683,2012-12-31,2012-01-01,588,2,68179,0.32700,
2688682,2012-12-31,2012-01-01,588,2,73270,0.32700,
2688681,2012-12-31,2012-01-01,588,2,05034,0.32700,
2688680,2012-12-31,2012-01-01,588,2,13188,0.32700,
2688679,2012-12-31,2012-01-01,588,2,25592,0.32600,
2688678,2012-12-31,2012-01-01,588,2,15511,0.32600,
2688677,2012-12-31,2012-01-01,588,2,85015,0.32600,
2688676,2012-12-31,2012-01-01,588,2,15808,0.32600,
2688675,2012-12-31,2012-01-01,588,2,73283,0.32600,
2688674,2012-12-31,2012-01-01,588,2,23189,0.32600,
2688673,2012-12-31,2012-01-01,588,2,47268,0.32500,
2688672,2012-12-31,2012-01-01,588,2,23555,0.32500,
2688671,2012-12-31,2012-01-01,588,2,52506,0.32500,
2688670,2012-12-31,2012-01-01,588,2,54480,0.32500,
2688669,2012-12-31,2012-01-01,588,2,47030,0.32500,
2688668,2012-12-31,2012-01-01,588,2,15764,0.32500,
2688667,2012-12-31,2012-01-01,588,2,20770,0.32500,
2688666,2012-12-31,2012-01-01,588,2,68266,0.32500,
2688665,2012-12-31,2012-01-01,588,2,52352,0.32500,
2688664,2012-12-31,2012-01-01,588,2,05093,0.32500,
2688663,2012-12-31,2012-01-01,588,2,13248,0.32500,
2688662,2012-12-31,2012-01-01,588,2,15223,0.32500,
2688661,2012-12-31,2012-01-01,588,2,41551,0.32500,
2688660,2012-12-31,2012-01-01,588,2,19845,0.32400,
2688659,2012-12-31,2012-01-01,588,2,68344,0.32400,
2688658,2012-12-31,2012-01-01,588,2,25596,0.32400,
2688657,2012-12-31,2012-01-01,588,2,47551,0.32400,
2688656,2012-12-31,2012-01-01,588,2,05197,0.32400,
2688655,2012-12-31,2012-01-01,588,2,76823,0.32300,
2688654,2012-12-31,2012-01-01,588,2,05837,0.32300,
2688653,2012-12-31,2012-01-01,588,2,52227,0.32300,
2688652,2012-12-31,2012-01-01,588,2,05660,0.32300,
2688651,2012-12-31,2012-01-01,588,2,44420,0.32300,
2688650,2012-12-31,2012-01-01,588,2,05138,0.32300,
2688649,2012-12-31,2012-01-01,588,2,73483,0.32300,
2688648,2012-12-31,2012-01-01,588,2,68207,0.32300,
2688647,2012-12-31,2012-01-01,588,2,17433,0.32200,
2688646,2012-12-31,2012-01-01,588,2,17867,0.32200,
2688645,2012-12-31,2012-01-01,588,2,15776,0.32200,
2688644,2012-12-31,2012-01-01,588,2,08558,0.32200,
2688643,2012-12-31,2012-01-01,588,2,05425,0.32200,
2688642,2012-12-31,2012-01-01,588,2,66383,0.32200,
2688641,2012-12-31,2012-01-01,588,2,08372,0.32200,
2688640,2012-12-31,2012-01-01,588,2,54660,0.32200,
2688639,2012-12-31,2012-01-01,588,2,19548,0.32200,
2688638,2012-12-31,2012-01-01,588,2,13062,0.32200,
2688637,2012-12-31,2012-01-01,588,2,25867,0.32200,
2688636,2012-12-31,2012-01-01,588,2,68190,0.32200,
2688635,2012-12-31,2012-01-01,588,2,05113,0.32200,
2688634,2012-12-31,2012-01-01,588,2,23464,0.32100,
2688633,2012-12-31,2012-01-01,588,2,08560,0.32100,
2688632,2012-12-31,2012-01-01,588,2,25841,0.32100,
2688631,2012-12-31,2012-01-01,588,2,50573,0.32100,
2688630,2012-12-31,2012-01-01,588,2,25491,0.32100,
2688629,2012-12-31,2012-01-01,588,2,17446,0.32100,
2688628,2012-12-31,2012-01-01,588,2,68209,0.32100,
2688627,2012-12-31,2012-01-01,588,2,15879,0.32100,
2688626,2012-12-31,2012-01-01,588,2,52240,0.32100,
2688625,2012-12-31,2012-01-01,588,2,70508,0.32100,
2688624,2012-12-31,2012-01-01,588,2,68255,0.32000,
2688623,2012-12-31,2012-01-01,588,2,05038,0.32000,
2688622,2012-12-31,2012-01-01,588,2,15425,0.32000,
2688621,2012-12-31,2012-01-01,588,2,15296,0.32000,
2688620,2012-12-31,2012-01-01,588,2,25645,0.32000,
2688619,2012-12-31,2012-01-01,588,2,25871,0.32000,
2688618,2012-12-31,2012-01-01,588,2,70702,0.32000,
2688617,2012-12-31,2012-01-01,588,2,86219,0.32000,
2688616,2012-12-31,2012-01-01,588,2,50318,0.31900,
2688615,2012-12-31,2012-01-01,588,2,17616,0.31900,
2688614,2012-12-31,2012-01-01,588,2,15276,0.31900,
2688613,2012-12-31,2012-01-01,588,2,15778,0.31900,
2688612,2012-12-31,2012-01-01,588,2,66594,0.31900,
2688611,2012-12-31,2012-01-01,588,2,23672,0.31900,
2688610,2012-12-31,2012-01-01,588,2,41132,0.31900,
2688609,2012-12-31,2012-01-01,588,2,76400,0.31900,
2688608,2012-12-31,2012-01-01,588,2,66088,0.31900,
2688607,2012-12-31,2012-01-01,588,2,54313,0.31900,
2688606,2012-12-31,2012-01-01,588,2,15740,0.31900,
2688605,2012-12-31,2012-01-01,588,2,76890,0.31900,
2688604,2012-12-31,2012-01-01,588,2,76622,0.31900,
2688603,2012-12-31,2012-01-01,588,2,20238,0.31900,
2688602,2012-12-31,2012-01-01,588,2,25594,0.31800,
2688601,2012-12-31,2012-01-01,588,2,44110,0.31800,
2688600,2012-12-31,2012-01-01,588,2,05209,0.31800,
2688599,2012-12-31,2012-01-01,588,2,15810,0.31800,
2688598,2012-12-31,2012-01-01,588,2,05467,0.31800,
2688597,2012-12-31,2012-01-01,588,2,19300,0.31800,
2688596,2012-12-31,2012-01-01,588,2,20550,0.31800,
2688595,2012-12-31,2012-01-01,588,2,13468,0.31800,
2688594,2012-12-31,2012-01-01,588,2,08137,0.31800,
2688593,2012-12-31,2012-01-01,588,2,15368,0.31800,
2688592,2012-12-31,2012-01-01,588,2,68229,0.31800,
2688591,2012-12-31,2012-01-01,588,2,76020,0.31800,
2688590,2012-12-31,2012-01-01,588,2,23182,0.31700,
2688589,2012-12-31,2012-01-01,588,2,15763,0.31700,
2688588,2012-12-31,2012-01-01,588,2,15494,0.31700,
2688587,2012-12-31,2012-01-01,588,2,25807,0.31700,
2688586,2012-12-31,2012-01-01,588,2,70670,0.31700,
2688585,2012-12-31,2012-01-01,588,2,15218,0.31700,
2688584,2012-12-31,2012-01-01,588,2,19001,0.31700,
2688583,2012-12-31,2012-01-01,588,2,05091,0.31700,
2802655,2013-12-31,2013-01-01,588,2,27745,1.00000,
2802656,2013-12-31,2013-01-01,588,2,05107,0.98500,
2802657,2013-12-31,2013-01-01,588,2,19780,0.95910,
2802658,2013-12-31,2013-01-01,588,2,27250,0.93940,
2802659,2013-12-31,2013-01-01,588,2,85136,0.89680,
2802660,2013-12-31,2013-01-01,588,2,18460,0.86310,
2802661,2013-12-31,2013-01-01,588,2,54250,0.82930,
2802662,2013-12-31,2013-01-01,588,2,50251,0.81410,
2802663,2013-12-31,2013-01-01,588,2,54206,0.81040,
2802664,2013-12-31,2013-01-01,588,2,52835,0.79850,
2802665,2013-12-31,2013-01-01,588,2,19809,0.79130,
2802666,2013-12-31,2013-01-01,588,2,86573,0.75120,
2802667,2013-12-31,2013-01-01,588,2,81065,0.74870,
2802668,2013-12-31,2013-01-01,588,2,52405,0.73920,
2802669,2013-12-31,2013-01-01,588,2,13490,0.72650,
2802670,2013-12-31,2013-01-01,588,2,19418,0.69930,
2802671,2013-12-31,2013-01-01,588,2,05040,0.69830,
2802672,2013-12-31,2013-01-01,588,2,18410,0.69530,
2802673,2013-12-31,2013-01-01,588,2,95200,0.68090,
2802674,2013-12-31,2013-01-01,588,2,19533,0.67780,
2802675,2013-12-31,2013-01-01,588,2,19050,0.66560,
2802676,2013-12-31,2013-01-01,588,2,27077,0.66560,
2802677,2013-12-31,2013-01-01,588,2,27150,0.65900,
2802678,2013-12-31,2013-01-01,588,2,54670,0.65540,
2802679,2013-12-31,2013-01-01,588,2,19785,0.65170,
2802680,2013-12-31,2013-01-01,588,2,27073,0.64950,
2802681,2013-12-31,2013-01-01,588,2,54800,0.64060,
2802682,2013-12-31,2013-01-01,588,2,19142,0.63730,
2802683,2013-12-31,2013-01-01,588,2,27491,0.63370,
2802684,2013-12-31,2013-01-01,588,2,86569,0.63270,
2802685,2013-12-31,2013-01-01,588,2,19256,0.62510,
2802686,2013-12-31,2013-01-01,588,2,50330,0.61980,
2802687,2013-12-31,2013-01-01,588,2,05819,0.61920,
2802688,2013-12-31,2013-01-01,588,2,18592,0.61790,
2802689,2013-12-31,2013-01-01,588,2,52256,0.61470,
2802690,2013-12-31,2013-01-01,588,2,05361,0.61360,
2802691,2013-12-31,2013-01-01,588,2,50400,0.60970,
2802692,2013-12-31,2013-01-01,588,2,86568,0.60670,
2802693,2013-12-31,2013-01-01,588,2,05647,0.60240,
2802694,2013-12-31,2013-01-01,588,2,05854,0.59790,
2802695,2013-12-31,2013-01-01,588,2,18256,0.59470,
2802696,2013-12-31,2013-01-01,588,2,54245,0.59030,
2802697,2013-12-31,2013-01-01,588,2,95015,0.58580,
2802698,2013-12-31,2013-01-01,588,2,15518,0.58240,
2802699,2013-12-31,2013-01-01,588,2,52621,0.58200,
2802700,2013-12-31,2013-01-01,588,2,54810,0.57760,
2802701,2013-12-31,2013-01-01,588,2,81794,0.57660,
2802702,2013-12-31,2013-01-01,588,2,18753,0.57370,
2802703,2013-12-31,2013-01-01,588,2,52540,0.57290,
2802704,2013-12-31,2013-01-01,588,2,52427,0.57060,
2802705,2013-12-31,2013-01-01,588,2,50590,0.56350,
2802706,2013-12-31,2013-01-01,588,2,81300,0.56260,
2802707,2013-12-31,2013-01-01,588,2,86757,0.56250,
2802708,2013-12-31,2013-01-01,588,2,52079,0.56210,
2802709,2013-12-31,2013-01-01,588,2,54344,0.56030,
2802710,2013-12-31,2013-01-01,588,2,52612,0.55840,
2802711,2013-12-31,2013-01-01,588,2,73622,0.55180,
2802712,2013-12-31,2013-01-01,588,2,19110,0.55000,
2802713,2013-12-31,2013-01-01,588,2,50711,0.54560,
2802714,2013-12-31,2013-01-01,588,2,27787,0.54540,
2802715,2013-12-31,2013-01-01,588,2,27245,0.54050,
2802716,2013-12-31,2013-01-01,588,2,50370,0.53970,
2802717,2013-12-31,2013-01-01,588,2,27430,0.53940,
2802718,2013-12-31,2013-01-01,588,2,27099,0.53800,
2802719,2013-12-31,2013-01-01,588,2,05790,0.52950,
2802720,2013-12-31,2013-01-01,588,2,18756,0.52160,
2802721,2013-12-31,2013-01-01,588,2,23682,0.52040,
2802722,2013-12-31,2013-01-01,588,2,86571,0.51910,
2802723,2013-12-31,2013-01-01,588,2,52490,0.51890,
2802724,2013-12-31,2013-01-01,588,2,19137,0.51890,
2802725,2013-12-31,2013-01-01,588,2,99773,0.51650,
2802726,2013-12-31,2013-01-01,588,2,54720,0.51640,
2802727,2013-12-31,2013-01-01,588,2,27615,0.51620,
2802728,2013-12-31,2013-01-01,588,2,86320,0.51530,
2802729,2013-12-31,2013-01-01,588,2,73616,0.51290,
2802730,2013-12-31,2013-01-01,588,2,86865,0.51280,
2802731,2013-12-31,2013-01-01,588,2,19392,0.51230,
2802732,2013-12-31,2013-01-01,588,2,18150,0.50890,
2802733,2013-12-31,2013-01-01,588,2,50350,0.50660,
2802734,2013-12-31,2013-01-01,588,2,05120,0.50570,
2802735,2013-12-31,2013-01-01,588,2,05250,0.50480,
2802736,2013-12-31,2013-01-01,588,2,27660,0.50330,
2802737,2013-12-31,2013-01-01,588,2,27450,0.49970,
2802738,2013-12-31,2013-01-01,588,2,27050,0.49650,
2802739,2013-12-31,2013-01-01,588,2,95025,0.49230,
2802740,2013-12-31,2013-01-01,588,2,52250,0.49110,
2802741,2013-12-31,2013-01-01,588,2,13458,0.49090,
2802742,2013-12-31,2013-01-01,588,2,23807,0.48620,
2802743,2013-12-31,2013-01-01,588,2,13744,0.48480,
2802744,2013-12-31,2013-01-01,588,2,05895,0.48440,
2802745,2013-12-31,2013-01-01,588,2,95001,0.48240,
2802746,2013-12-31,2013-01-01,588,2,73555,0.48200,
2802747,2013-12-31,2013-01-01,588,2,18610,0.47940,
2802748,2013-12-31,2013-01-01,588,2,19450,0.47930,
2802749,2013-12-31,2013-01-01,588,2,25120,0.47890,
2802750,2013-12-31,2013-01-01,588,2,52435,0.47570,
2802751,2013-12-31,2013-01-01,588,2,73624,0.47550,
2802752,2013-12-31,2013-01-01,588,2,05475,0.47370,
2802753,2013-12-31,2013-01-01,588,2,52411,0.47330,
2802754,2013-12-31,2013-01-01,588,2,19290,0.47290,
2802755,2013-12-31,2013-01-01,588,2,23580,0.46950,
2802756,2013-12-31,2013-01-01,588,2,27361,0.46880,
2802757,2013-12-31,2013-01-01,588,2,76100,0.46780,
2802758,2013-12-31,2013-01-01,588,2,05134,0.46640,
2802759,2013-12-31,2013-01-01,588,2,50450,0.46570,
2802760,2013-12-31,2013-01-01,588,2,19130,0.46550,
2802761,2013-12-31,2013-01-01,588,2,50325,0.46540,
2802762,2013-12-31,2013-01-01,588,2,19318,0.46280,
2802763,2013-12-31,2013-01-01,588,2,41483,0.46150,
2802764,2013-12-31,2013-01-01,588,2,18247,0.46080,
2802765,2013-12-31,2013-01-01,588,2,52786,0.46050,
2802766,2013-12-31,2013-01-01,588,2,41660,0.45950,
2802767,2013-12-31,2013-01-01,588,2,52520,0.45840,
2802768,2013-12-31,2013-01-01,588,2,05501,0.45740,
2802769,2013-12-31,2013-01-01,588,2,52215,0.45720,
2802770,2013-12-31,2013-01-01,588,2,52258,0.45600,
2802771,2013-12-31,2013-01-01,588,2,05306,0.45540,
2802772,2013-12-31,2013-01-01,588,2,73043,0.45520,
2802773,2013-12-31,2013-01-01,588,2,52696,0.45330,
2802774,2013-12-31,2013-01-01,588,2,19693,0.45220,
2802775,2013-12-31,2013-01-01,588,2,05480,0.45180,
2802776,2013-12-31,2013-01-01,588,2,52390,0.45040,
2802777,2013-12-31,2013-01-01,588,2,19075,0.45020,
2802778,2013-12-31,2013-01-01,588,2,19100,0.44990,
2802779,2013-12-31,2013-01-01,588,2,76616,0.44570,
2802780,2013-12-31,2013-01-01,588,2,15533,0.44490,
2802781,2013-12-31,2013-01-01,588,2,41791,0.44480,
2802782,2013-12-31,2013-01-01,588,2,05604,0.44400,
2802783,2013-12-31,2013-01-01,588,2,19022,0.44370,
2802784,2013-12-31,2013-01-01,588,2,15104,0.44250,
2802785,2013-12-31,2013-01-01,588,2,52233,0.44070,
2802786,2013-12-31,2013-01-01,588,2,19212,0.44040,
2802787,2013-12-31,2013-01-01,588,2,19355,0.43950,
2802788,2013-12-31,2013-01-01,588,2,73675,0.43900,
2802789,2013-12-31,2013-01-01,588,2,15550,0.43890,
2802790,2013-12-31,2013-01-01,588,2,52473,0.43870,
2802791,2013-12-31,2013-01-01,588,2,52210,0.43720,
2802792,2013-12-31,2013-01-01,588,2,05467,0.43700,
2802793,2013-12-31,2013-01-01,588,2,41206,0.43680,
2802794,2013-12-31,2013-01-01,588,2,44090,0.43680,
2802795,2013-12-31,2013-01-01,588,2,23815,0.43650,
2802796,2013-12-31,2013-01-01,588,2,23500,0.43630,
2802797,2013-12-31,2013-01-01,588,2,73067,0.43570,
2802798,2013-12-31,2013-01-01,588,2,52678,0.43430,
2802799,2013-12-31,2013-01-01,588,2,27425,0.43410,
2802800,2013-12-31,2013-01-01,588,2,73217,0.43340,
2802801,2013-12-31,2013-01-01,588,2,13160,0.43320,
2802802,2013-12-31,2013-01-01,588,2,52203,0.43110,
2802803,2013-12-31,2013-01-01,588,2,05873,0.43110,
2802804,2013-12-31,2013-01-01,588,2,50577,0.43060,
2802805,2013-12-31,2013-01-01,588,2,52385,0.42940,
2802806,2013-12-31,2013-01-01,588,2,13030,0.42730,
2802807,2013-12-31,2013-01-01,588,2,19622,0.42720,
2802808,2013-12-31,2013-01-01,588,2,81591,0.42620,
2802809,2013-12-31,2013-01-01,588,2,50686,0.42580,
2802810,2013-12-31,2013-01-01,588,2,52565,0.42570,
2802811,2013-12-31,2013-01-01,588,2,85400,0.42550,
2802812,2013-12-31,2013-01-01,588,2,18029,0.42520,
2802813,2013-12-31,2013-01-01,588,2,19701,0.42420,
2802814,2013-12-31,2013-01-01,588,2,18785,0.42370,
2802815,2013-12-31,2013-01-01,588,2,18205,0.42340,
2802816,2013-12-31,2013-01-01,588,2,19473,0.42340,
2802817,2013-12-31,2013-01-01,588,2,52381,0.42340,
2802818,2013-12-31,2013-01-01,588,2,05113,0.42280,
2802819,2013-12-31,2013-01-01,588,2,05031,0.42230,
2802820,2013-12-31,2013-01-01,588,2,13074,0.42120,
2802821,2013-12-31,2013-01-01,588,2,13810,0.42120,
2802822,2013-12-31,2013-01-01,588,2,15531,0.42110,
2802823,2013-12-31,2013-01-01,588,2,19397,0.42110,
2802824,2013-12-31,2013-01-01,588,2,52224,0.42100,
2802825,2013-12-31,2013-01-01,588,2,27025,0.42050,
2802826,2013-12-31,2013-01-01,588,2,52699,0.42010,
2802827,2013-12-31,2013-01-01,588,2,19760,0.41950,
2802828,2013-12-31,2013-01-01,588,2,23670,0.41890,
2802829,2013-12-31,2013-01-01,588,2,54385,0.41850,
2802830,2013-12-31,2013-01-01,588,2,23678,0.41830,
2802831,2013-12-31,2013-01-01,588,2,52254,0.41740,
2802832,2013-12-31,2013-01-01,588,2,19585,0.41610,
2802833,2013-12-31,2013-01-01,588,2,41006,0.41590,
2802834,2013-12-31,2013-01-01,588,2,05736,0.41460,
2802835,2013-12-31,2013-01-01,588,2,70678,0.41430,
2802836,2013-12-31,2013-01-01,588,2,76243,0.41370,
2802837,2013-12-31,2013-01-01,588,2,19824,0.41360,
2802838,2013-12-31,2013-01-01,588,2,19532,0.41090,
2802839,2013-12-31,2013-01-01,588,2,15681,0.40970,
2802840,2013-12-31,2013-01-01,588,2,41359,0.40960,
2802841,2013-12-31,2013-01-01,588,2,20250,0.40950,
2802842,2013-12-31,2013-01-01,588,2,54398,0.40930,
2802843,2013-12-31,2013-01-01,588,2,19821,0.40900,
2802844,2013-12-31,2013-01-01,588,2,52036,0.40860,
2802845,2013-12-31,2013-01-01,588,2,15464,0.40840,
2802846,2013-12-31,2013-01-01,588,2,27413,0.40830,
2802847,2013-12-31,2013-01-01,588,2,27580,0.40810,
2802848,2013-12-31,2013-01-01,588,2,23168,0.40800,
2802849,2013-12-31,2013-01-01,588,2,86885,0.40800,
2802850,2013-12-31,2013-01-01,588,2,23419,0.40780,
2802851,2013-12-31,2013-01-01,588,2,27135,0.40780,
2802852,2013-12-31,2013-01-01,588,2,23574,0.40770,
2802853,2013-12-31,2013-01-01,588,2,15223,0.40760,
2802854,2013-12-31,2013-01-01,588,2,13650,0.40740,
2802855,2013-12-31,2013-01-01,588,2,68370,0.40740,
2802856,2013-12-31,2013-01-01,588,2,05628,0.40700,
2802857,2013-12-31,2013-01-01,588,2,13549,0.40670,
2802858,2013-12-31,2013-01-01,588,2,13440,0.40670,
2802859,2013-12-31,2013-01-01,588,2,70265,0.40590,
2802860,2013-12-31,2013-01-01,588,2,68720,0.40570,
2802861,2013-12-31,2013-01-01,588,2,13655,0.40560,
2802862,2013-12-31,2013-01-01,588,2,70124,0.40540,
2802863,2013-12-31,2013-01-01,588,2,25823,0.40530,
2802864,2013-12-31,2013-01-01,588,2,54820,0.40480,
2802865,2013-12-31,2013-01-01,588,2,25580,0.40470,
2802866,2013-12-31,2013-01-01,588,2,05543,0.40460,
2802867,2013-12-31,2013-01-01,588,2,41770,0.40420,
2802868,2013-12-31,2013-01-01,588,2,27001,0.40410,
2802869,2013-12-31,2013-01-01,588,2,68250,0.40290,
2802870,2013-12-31,2013-01-01,588,2,41676,0.40270,
2802871,2013-12-31,2013-01-01,588,2,18094,0.40190,
2802872,2013-12-31,2013-01-01,588,2,52227,0.40170,
2802873,2013-12-31,2013-01-01,588,2,18479,0.40150,
2802874,2013-12-31,2013-01-01,588,2,52687,0.40050,
2802875,2013-12-31,2013-01-01,588,2,13473,0.40030,
2802876,2013-12-31,2013-01-01,588,2,70429,0.39980,
2802877,2013-12-31,2013-01-01,588,2,25518,0.39980,
2802878,2013-12-31,2013-01-01,588,2,52207,0.39970,
2802879,2013-12-31,2013-01-01,588,2,47703,0.39960,
2802880,2013-12-31,2013-01-01,588,2,68298,0.39940,
2802881,2013-12-31,2013-01-01,588,2,47980,0.39900,
2802882,2013-12-31,2013-01-01,588,2,15232,0.39890,
2802883,2013-12-31,2013-01-01,588,2,19807,0.39890,
2802884,2013-12-31,2013-01-01,588,2,13006,0.39880,
2802885,2013-12-31,2013-01-01,588,2,41530,0.39870,
2802886,2013-12-31,2013-01-01,588,2,68152,0.39870,
2802887,2013-12-31,2013-01-01,588,2,25398,0.39780,
2802888,2013-12-31,2013-01-01,588,2,68773,0.39780,
2802889,2013-12-31,2013-01-01,588,2,25805,0.39730,
2802890,2013-12-31,2013-01-01,588,2,27600,0.39720,
2802891,2013-12-31,2013-01-01,588,2,47258,0.39700,
2802892,2013-12-31,2013-01-01,588,2,05483,0.39620,
2802893,2013-12-31,2013-01-01,588,2,47570,0.39590,
2802894,2013-12-31,2013-01-01,588,2,05125,0.39550,
2802895,2013-12-31,2013-01-01,588,2,97161,0.39550,
2802896,2013-12-31,2013-01-01,588,2,47161,0.39540,
2802897,2013-12-31,2013-01-01,588,2,54128,0.39530,
2802898,2013-12-31,2013-01-01,588,2,05690,0.39530,
2802899,2013-12-31,2013-01-01,588,2,54109,0.39520,
2802900,2013-12-31,2013-01-01,588,2,52694,0.39490,
2802901,2013-12-31,2013-01-01,588,2,19517,0.39370,
2802902,2013-12-31,2013-01-01,588,2,13042,0.39360,
2802903,2013-12-31,2013-01-01,588,2,15664,0.39360,
2802904,2013-12-31,2013-01-01,588,2,54223,0.39350,
2802905,2013-12-31,2013-01-01,588,2,73226,0.39290,
2802906,2013-12-31,2013-01-01,588,2,47541,0.39280,
2802907,2013-12-31,2013-01-01,588,2,13673,0.39270,
2802908,2013-12-31,2013-01-01,588,2,68101,0.39260,
2802909,2013-12-31,2013-01-01,588,2,68673,0.39160,
2802910,2013-12-31,2013-01-01,588,2,47545,0.39120,
2802911,2013-12-31,2013-01-01,588,2,15442,0.39070,
2802912,2013-12-31,2013-01-01,588,2,85225,0.39060,
2802913,2013-12-31,2013-01-01,588,2,88001,0.39060,
2802914,2013-12-31,2013-01-01,588,2,13268,0.39030,
2802915,2013-12-31,2013-01-01,588,2,52051,0.39010,
2802916,2013-12-31,2013-01-01,588,2,25645,0.39000,
2802917,2013-12-31,2013-01-01,588,2,15377,0.38990,
2802918,2013-12-31,2013-01-01,588,2,99524,0.38900,
2802919,2013-12-31,2013-01-01,588,2,68217,0.38880,
2802920,2013-12-31,2013-01-01,588,2,47460,0.38810,
2802921,2013-12-31,2013-01-01,588,2,76828,0.38800,
2802922,2013-12-31,2013-01-01,588,2,18860,0.38780,
2802923,2013-12-31,2013-01-01,588,2,15476,0.38770,
2802924,2013-12-31,2013-01-01,588,2,52720,0.38770,
2802925,2013-12-31,2013-01-01,588,2,17442,0.38760,
2802926,2013-12-31,2013-01-01,588,2,52399,0.38710,
2802927,2013-12-31,2013-01-01,588,2,23090,0.38690,
2802928,2013-12-31,2013-01-01,588,2,47660,0.38650,
2802929,2013-12-31,2013-01-01,588,2,15380,0.38590,
2802930,2013-12-31,2013-01-01,588,2,73520,0.38580,
2802931,2013-12-31,2013-01-01,588,2,05044,0.38580,
2802932,2013-12-31,2013-01-01,588,2,68397,0.38540,
2802933,2013-12-31,2013-01-01,588,2,13300,0.38540,
2802934,2013-12-31,2013-01-01,588,2,41668,0.38470,
2802935,2013-12-31,2013-01-01,588,2,25596,0.38450,
2802936,2013-12-31,2013-01-01,588,2,85125,0.38440,
2802937,2013-12-31,2013-01-01,588,2,52560,0.38430,
2802938,2013-12-31,2013-01-01,588,2,52022,0.38420,
2802939,2013-12-31,2013-01-01,588,2,13667,0.38410,
2802940,2013-12-31,2013-01-01,588,2,47960,0.38400,
2802941,2013-12-31,2013-01-01,588,2,52260,0.38350,
2802942,2013-12-31,2013-01-01,588,2,41503,0.38340,
2802943,2013-12-31,2013-01-01,588,2,23675,0.38310,
2802944,2013-12-31,2013-01-01,588,2,25258,0.38300,
2802945,2013-12-31,2013-01-01,588,2,70771,0.38260,
2802946,2013-12-31,2013-01-01,588,2,73686,0.38260,
2802947,2013-12-31,2013-01-01,588,2,54743,0.38230,
2802948,2013-12-31,2013-01-01,588,2,23068,0.38210,
2802949,2013-12-31,2013-01-01,588,2,73152,0.38200,
2802950,2013-12-31,2013-01-01,588,2,68020,0.38200,
2802951,2013-12-31,2013-01-01,588,2,25862,0.38190,
2802952,2013-12-31,2013-01-01,588,2,15842,0.38170,
2802953,2013-12-31,2013-01-01,588,2,15764,0.38150,
2802954,2013-12-31,2013-01-01,588,2,13670,0.38130,
2802955,2013-12-31,2013-01-01,588,2,25653,0.38110,
2802956,2013-12-31,2013-01-01,588,2,15816,0.38100,
2802957,2013-12-31,2013-01-01,588,2,52788,0.38090,
2802958,2013-12-31,2013-01-01,588,2,73504,0.38070,
2802959,2013-12-31,2013-01-01,588,2,76109,0.38070,
2802960,2013-12-31,2013-01-01,588,2,15621,0.38040,
2802961,2013-12-31,2013-01-01,588,2,20310,0.38020,
2802962,2013-12-31,2013-01-01,588,2,52693,0.38010,
2802963,2013-12-31,2013-01-01,588,2,27372,0.37980,
2802964,2013-12-31,2013-01-01,588,2,05038,0.37970,
2802965,2013-12-31,2013-01-01,588,2,15187,0.37950,
2802966,2013-12-31,2013-01-01,588,2,52885,0.37930,
2802967,2013-12-31,2013-01-01,588,2,23686,0.37920,
2802968,2013-12-31,2013-01-01,588,2,25885,0.37910,
2802969,2013-12-31,2013-01-01,588,2,68385,0.37900,
2802970,2013-12-31,2013-01-01,588,2,70230,0.37890,
2802971,2013-12-31,2013-01-01,588,2,68468,0.37870,
2802972,2013-12-31,2013-01-01,588,2,54051,0.37850,
2802973,2013-12-31,2013-01-01,588,2,25592,0.37820,
2802974,2013-12-31,2013-01-01,588,2,05670,0.37810,
2802975,2013-12-31,2013-01-01,588,2,13688,0.37760,
2802976,2013-12-31,2013-01-01,588,2,05234,0.37760,
2802977,2013-12-31,2013-01-01,588,2,50683,0.37750,
2802978,2013-12-31,2013-01-01,588,2,25086,0.37750,
2802979,2013-12-31,2013-01-01,588,2,52110,0.37750,
2802980,2013-12-31,2013-01-01,588,2,41020,0.37740,
2802981,2013-12-31,2013-01-01,588,2,15755,0.37690,
2802982,2013-12-31,2013-01-01,588,2,15212,0.37680,
2802983,2013-12-31,2013-01-01,588,2,76233,0.37670,
2802984,2013-12-31,2013-01-01,588,2,52352,0.37670,
2802985,2013-12-31,2013-01-01,588,2,25506,0.37640,
2802986,2013-12-31,2013-01-01,588,2,52683,0.37590,
2802987,2013-12-31,2013-01-01,588,2,52354,0.37590,
2802988,2013-12-31,2013-01-01,588,2,68682,0.37580,
2802989,2013-12-31,2013-01-01,588,2,47692,0.37500,
2802990,2013-12-31,2013-01-01,588,2,68235,0.37460,
2802991,2013-12-31,2013-01-01,588,2,68324,0.37420,
2802992,2013-12-31,2013-01-01,588,2,68820,0.37410,
2802993,2013-12-31,2013-01-01,588,2,54261,0.37410,
2802994,2013-12-31,2013-01-01,588,2,23300,0.37410,
2802995,2013-12-31,2013-01-01,588,2,68162,0.37410,
2802996,2013-12-31,2013-01-01,588,2,70233,0.37400,
2802997,2013-12-31,2013-01-01,588,2,20032,0.37380,
2802998,2013-12-31,2013-01-01,588,2,68498,0.37360,
2802999,2013-12-31,2013-01-01,588,2,23855,0.37330,
2803000,2013-12-31,2013-01-01,588,2,17662,0.37330,
2803001,2013-12-31,2013-01-01,588,2,15183,0.37320,
2803002,2013-12-31,2013-01-01,588,2,15185,0.37270,
2803003,2013-12-31,2013-01-01,588,2,15131,0.37270,
2803004,2013-12-31,2013-01-01,588,2,15839,0.37260,
2803005,2013-12-31,2013-01-01,588,2,13433,0.37240,
2803006,2013-12-31,2013-01-01,588,2,25372,0.37240,
2803007,2013-12-31,2013-01-01,588,2,05495,0.37230,
2803008,2013-12-31,2013-01-01,588,2,05490,0.37230,
2803009,2013-12-31,2013-01-01,588,2,25524,0.37220,
2803010,2013-12-31,2013-01-01,588,2,13212,0.37190,
2803011,2013-12-31,2013-01-01,588,2,23570,0.37190,
2803012,2013-12-31,2013-01-01,588,2,25368,0.37160,
2803013,2013-12-31,2013-01-01,588,2,44847,0.37140,
2803014,2013-12-31,2013-01-01,588,2,68705,0.37130,
2803015,2013-12-31,2013-01-01,588,2,23350,0.37110,
2803016,2013-12-31,2013-01-01,588,2,73873,0.37110,
2803017,2013-12-31,2013-01-01,588,2,25841,0.37090,
2803018,2013-12-31,2013-01-01,588,2,25168,0.37070,
2803019,2013-12-31,2013-01-01,588,2,15368,0.37050,
2803020,2013-12-31,2013-01-01,588,2,15109,0.37020,
2803021,2013-12-31,2013-01-01,588,2,20175,0.37020,
2803022,2013-12-31,2013-01-01,588,2,05890,0.37020,
2803023,2013-12-31,2013-01-01,588,2,20383,0.37020,
2803024,2013-12-31,2013-01-01,588,2,47798,0.36990,
2803025,2013-12-31,2013-01-01,588,2,15740,0.36980,
2803026,2013-12-31,2013-01-01,588,2,15822,0.36950,
2803027,2013-12-31,2013-01-01,588,2,73168,0.36930,
2803028,2013-12-31,2013-01-01,588,2,54377,0.36930,
2803029,2013-12-31,2013-01-01,588,2,15808,0.36920,
2803030,2013-12-31,2013-01-01,588,2,68425,0.36920,
2803031,2013-12-31,2013-01-01,588,2,81736,0.36910,
2803032,2013-12-31,2013-01-01,588,2,68179,0.36890,
2803033,2013-12-31,2013-01-01,588,2,66456,0.36880,
2803034,2013-12-31,2013-01-01,588,2,05059,0.36870,
2803035,2013-12-31,2013-01-01,588,2,25807,0.36870,
2803036,2013-12-31,2013-01-01,588,2,15763,0.36860,
2803037,2013-12-31,2013-01-01,588,2,47205,0.36850,
2803038,2013-12-31,2013-01-01,588,2,15832,0.36830,
2803039,2013-12-31,2013-01-01,588,2,41378,0.36810,
2803040,2013-12-31,2013-01-01,588,2,68368,0.36800,
2803041,2013-12-31,2013-01-01,588,2,15804,0.36800,
2803042,2013-12-31,2013-01-01,588,2,68245,0.36770,
2803043,2013-12-31,2013-01-01,588,2,68684,0.36760,
2803044,2013-12-31,2013-01-01,588,2,27495,0.36760,
2803045,2013-12-31,2013-01-01,588,2,05659,0.36710,
2803046,2013-12-31,2013-01-01,588,2,52506,0.36690,
2803047,2013-12-31,2013-01-01,588,2,70713,0.36680,
2803048,2013-12-31,2013-01-01,588,2,54520,0.36670,
2803049,2013-12-31,2013-01-01,588,2,54003,0.36650,
2803050,2013-12-31,2013-01-01,588,2,08421,0.36640,
2803051,2013-12-31,2013-01-01,588,2,73236,0.36620,
2803052,2013-12-31,2013-01-01,588,2,52585,0.36610,
2803053,2013-12-31,2013-01-01,588,2,15218,0.36600,
2803054,2013-12-31,2013-01-01,588,2,54174,0.36600,
2803055,2013-12-31,2013-01-01,588,2,05842,0.36540,
2803056,2013-12-31,2013-01-01,588,2,73124,0.36520,
2803057,2013-12-31,2013-01-01,588,2,15761,0.36510,
2803058,2013-12-31,2013-01-01,588,2,52573,0.36510,
2803059,2013-12-31,2013-01-01,588,2,15632,0.36490,
2803060,2013-12-31,2013-01-01,588,2,15580,0.36450,
2803061,2013-12-31,2013-01-01,588,2,54480,0.36450,
2803062,2013-12-31,2013-01-01,588,2,05093,0.36440,
2803063,2013-12-31,2013-01-01,588,2,25148,0.36430,
2803064,2013-12-31,2013-01-01,588,2,15778,0.36430,
2803065,2013-12-31,2013-01-01,588,2,52240,0.36400,
2803066,2013-12-31,2013-01-01,588,2,15879,0.36380,
2803067,2013-12-31,2013-01-01,588,2,52019,0.36340,
2803068,2013-12-31,2013-01-01,588,2,73200,0.36340,
2803069,2013-12-31,2013-01-01,588,2,27800,0.36340,
2803070,2013-12-31,2013-01-01,588,2,15762,0.36320,
2803071,2013-12-31,2013-01-01,588,2,70418,0.36300,
2803072,2013-12-31,2013-01-01,588,2,15511,0.36300,
2803073,2013-12-31,2013-01-01,588,2,13442,0.36290,
2803074,2013-12-31,2013-01-01,588,2,05240,0.36280,
2803075,2013-12-31,2013-01-01,588,2,15135,0.36270,
2803076,2013-12-31,2013-01-01,588,2,15494,0.36250,
2803077,2013-12-31,2013-01-01,588,2,70523,0.36240,
2803078,2013-12-31,2013-01-01,588,2,68502,0.36240,
2803079,2013-12-31,2013-01-01,588,2,25839,0.36240,
2803080,2013-12-31,2013-01-01,588,2,52418,0.36210,
2803081,2013-12-31,2013-01-01,588,2,66572,0.36200,
2803082,2013-12-31,2013-01-01,588,2,73870,0.36190,
2803083,2013-12-31,2013-01-01,588,2,15226,0.36180,
2803084,2013-12-31,2013-01-01,588,2,13620,0.36120,
2803085,2013-12-31,2013-01-01,588,2,68169,0.36070,
2803086,2013-12-31,2013-01-01,588,2,15774,0.36070,
2803087,2013-12-31,2013-01-01,588,2,15204,0.36070,
2803088,2013-12-31,2013-01-01,588,2,13580,0.36050,
2803089,2013-12-31,2013-01-01,588,2,68264,0.36020,
2803090,2013-12-31,2013-01-01,588,2,54125,0.36000,
2803091,2013-12-31,2013-01-01,588,2,68318,0.35980,
2803092,2013-12-31,2013-01-01,588,2,27160,0.35960,
2803093,2013-12-31,2013-01-01,588,2,25288,0.35950,
2803094,2013-12-31,2013-01-01,588,2,05086,0.35940,
2803095,2013-12-31,2013-01-01,588,2,17446,0.35930,
2803096,2013-12-31,2013-01-01,588,2,50223,0.35890,
2803097,2013-12-31,2013-01-01,588,2,25095,0.35880,
2803098,2013-12-31,2013-01-01,588,2,68092,0.35810,
2803099,2013-12-31,2013-01-01,588,2,52287,0.35780,
2803100,2013-12-31,2013-01-01,588,2,44560,0.35770,
2803101,2013-12-31,2013-01-01,588,2,73352,0.35770,
2803102,2013-12-31,2013-01-01,588,2,85279,0.35770,
2803103,2013-12-31,2013-01-01,588,2,66318,0.35770,
2803104,2013-12-31,2013-01-01,588,2,05591,0.35760,
2803105,2013-12-31,2013-01-01,588,2,68377,0.35720,
2803106,2013-12-31,2013-01-01,588,2,27006,0.35680,
2803107,2013-12-31,2013-01-01,588,2,05642,0.35670,
2803108,2013-12-31,2013-01-01,588,2,05055,0.35670,
2803109,2013-12-31,2013-01-01,588,2,25299,0.35650,
2803110,2013-12-31,2013-01-01,588,2,15798,0.35650,
2803111,2013-12-31,2013-01-01,588,2,68686,0.35610,
2803112,2013-12-31,2013-01-01,588,2,13654,0.35610,
2803113,2013-12-31,2013-01-01,588,2,25797,0.35580,
2803114,2013-12-31,2013-01-01,588,2,25281,0.35570,
2803115,2013-12-31,2013-01-01,588,2,47318,0.35570,
2803116,2013-12-31,2013-01-01,588,2,73461,0.35540,
2803117,2013-12-31,2013-01-01,588,2,41357,0.35530,
2803118,2013-12-31,2013-01-01,588,2,47170,0.35530,
2803119,2013-12-31,2013-01-01,588,2,70473,0.35500,
2803120,2013-12-31,2013-01-01,588,2,52685,0.35490,
2803121,2013-12-31,2013-01-01,588,2,68745,0.35480,
2803122,2013-12-31,2013-01-01,588,2,25871,0.35480,
2803123,2013-12-31,2013-01-01,588,2,41807,0.35470,
2803124,2013-12-31,2013-01-01,588,2,47058,0.35460,
2803125,2013-12-31,2013-01-01,588,2,68344,0.35460,
2803126,2013-12-31,2013-01-01,588,2,27810,0.35450,
2803127,2013-12-31,2013-01-01,588,2,52378,0.35390,
2803128,2013-12-31,2013-01-01,588,2,66594,0.35360,
2803129,2013-12-31,2013-01-01,588,2,15500,0.35330,
2803130,2013-12-31,2013-01-01,588,2,05858,0.35330,
2803131,2013-12-31,2013-01-01,588,2,15861,0.35320,
2803132,2013-12-31,2013-01-01,588,2,27205,0.35310,
2803133,2013-12-31,2013-01-01,588,2,86219,0.35300,
2803134,2013-12-31,2013-01-01,588,2,88564,0.35300,
2803135,2013-12-31,2013-01-01,588,2,68266,0.35270,
2803136,2013-12-31,2013-01-01,588,2,17388,0.35260,
2803137,2013-12-31,2013-01-01,588,2,68780,0.35260,
2803138,2013-12-31,2013-01-01,588,2,15325,0.35260,
2803139,2013-12-31,2013-01-01,588,2,70823,0.35250,
2803140,2013-12-31,2013-01-01,588,2,15367,0.35210,
2803141,2013-12-31,2013-01-01,588,2,05837,0.35160,
2803142,2013-12-31,2013-01-01,588,2,15293,0.35160,
2803143,2013-12-31,2013-01-01,588,2,68615,0.35150,
2803144,2013-12-31,2013-01-01,588,2,54347,0.35100,
2803145,2013-12-31,2013-01-01,588,2,70204,0.35080,
2803146,2013-12-31,2013-01-01,588,2,19300,0.35050,
2803147,2013-12-31,2013-01-01,588,2,25339,0.35040,
2803148,2013-12-31,2013-01-01,588,2,68524,0.35040,
2803149,2013-12-31,2013-01-01,588,2,68209,0.35030,
2803150,2013-12-31,2013-01-01,588,2,68121,0.35010,
2803151,2013-12-31,2013-01-01,588,2,73024,0.35010,
2803152,2013-12-31,2013-01-01,588,2,15507,0.35000,
2803153,2013-12-31,2013-01-01,588,2,13188,0.35000,
2803154,2013-12-31,2013-01-01,588,2,76377,0.34980,
2803155,2013-12-31,2013-01-01,588,2,41319,0.34950,
2803156,2013-12-31,2013-01-01,588,2,25335,0.34930,
2803157,2013-12-31,2013-01-01,588,2,68444,0.34920,
2803158,2013-12-31,2013-01-01,588,2,15676,0.34880,
2803159,2013-12-31,2013-01-01,588,2,15276,0.34880,
2803160,2013-12-31,2013-01-01,588,2,25793,0.34870,
2803161,2013-12-31,2013-01-01,588,2,15090,0.34870,
2803162,2013-12-31,2013-01-01,588,2,41548,0.34860,
2803163,2013-12-31,2013-01-01,588,2,15022,0.34850,
2803164,2013-12-31,2013-01-01,588,2,23586,0.34840,
2803165,2013-12-31,2013-01-01,588,2,15810,0.34830,
2803166,2013-12-31,2013-01-01,588,2,25489,0.34790,
2803167,2013-12-31,2013-01-01,588,2,52320,0.34780,
2803168,2013-12-31,2013-01-01,588,2,13683,0.34780,
2803169,2013-12-31,2013-01-01,588,2,23079,0.34780,
2803170,2013-12-31,2013-01-01,588,2,15172,0.34770,
2803171,2013-12-31,2013-01-01,588,2,25594,0.34710,
2803172,2013-12-31,2013-01-01,588,2,68770,0.34690,
2803173,2013-12-31,2013-01-01,588,2,15720,0.34690,
2803174,2013-12-31,2013-01-01,588,2,73270,0.34680,
2803175,2013-12-31,2013-01-01,588,2,15106,0.34680,
2803176,2013-12-31,2013-01-01,588,2,05847,0.34640,
2803177,2013-12-31,2013-01-01,588,2,05197,0.34640,
2803178,2013-12-31,2013-01-01,588,2,20570,0.34630,
2803179,2013-12-31,2013-01-01,588,2,25426,0.34620,
2803180,2013-12-31,2013-01-01,588,2,13062,0.34580,
2803181,2013-12-31,2013-01-01,588,2,15401,0.34560,
2803182,2013-12-31,2013-01-01,588,2,15092,0.34560,
2803183,2013-12-31,2013-01-01,588,2,15673,0.34520,
2803184,2013-12-31,2013-01-01,588,2,05658,0.34510,
2803185,2013-12-31,2013-01-01,588,2,76246,0.34490,
2803186,2013-12-31,2013-01-01,588,2,47245,0.34470,
2803187,2013-12-31,2013-01-01,588,2,70708,0.34470,
2803188,2013-12-31,2013-01-01,588,2,15425,0.34450,
2803189,2013-12-31,2013-01-01,588,2,05315,0.34450,
2803190,2013-12-31,2013-01-01,588,2,47030,0.34440,
2803191,2013-12-31,2013-01-01,588,2,27075,0.34430,
2803192,2013-12-31,2013-01-01,588,2,05138,0.34430,
2803193,2013-12-31,2013-01-01,588,2,20787,0.34420,
2803194,2013-12-31,2013-01-01,588,2,68271,0.34410,
2803195,2013-12-31,2013-01-01,588,2,73854,0.34400,
2803196,2013-12-31,2013-01-01,588,2,17665,0.34400,
2803197,2013-12-31,2013-01-01,588,2,66075,0.34390,
2803198,2013-12-31,2013-01-01,588,2,41244,0.34380,
2803199,2013-12-31,2013-01-01,588,2,73563,0.34380,
2803200,2013-12-31,2013-01-01,588,2,47720,0.34370,
2803201,2013-12-31,2013-01-01,588,2,15296,0.34370,
2803202,2013-12-31,2013-01-01,588,2,68549,0.34360,
2803203,2013-12-31,2013-01-01,588,2,05036,0.34350,
2803204,2013-12-31,2013-01-01,588,2,05425,0.34320,
2803205,2013-12-31,2013-01-01,588,2,76054,0.34320,
2803206,2013-12-31,2013-01-01,588,2,13248,0.34310,
2803207,2013-12-31,2013-01-01,588,2,25019,0.34300,
2803208,2013-12-31,2013-01-01,588,2,15600,0.34240,
2803209,2013-12-31,2013-01-01,588,2,15180,0.34240,
2803210,2013-12-31,2013-01-01,588,2,05885,0.34230,
2803211,2013-12-31,2013-01-01,588,2,68418,0.34170,
2803212,2013-12-31,2013-01-01,588,2,68013,0.34150,
2803213,2013-12-31,2013-01-01,588,2,23162,0.34120,
2803214,2013-12-31,2013-01-01,588,2,25293,0.34100,
2803215,2013-12-31,2013-01-01,588,2,15776,0.34090,
2803216,2013-12-31,2013-01-01,588,2,19548,0.34070,
2803217,2013-12-31,2013-01-01,588,2,50287,0.34070,
2803218,2013-12-31,2013-01-01,588,2,66687,0.34050,
2803219,2013-12-31,2013-01-01,588,2,70400,0.34030,
2803220,2013-12-31,2013-01-01,588,2,68322,0.34020,
2803221,2013-12-31,2013-01-01,588,2,25154,0.34010,
2803222,2013-12-31,2013-01-01,588,2,25718,0.33980,
2803223,2013-12-31,2013-01-01,588,2,68160,0.33920,
2803224,2013-12-31,2013-01-01,588,2,05034,0.33900,
2803225,2013-12-31,2013-01-01,588,2,05674,0.33870,
2803226,2013-12-31,2013-01-01,588,2,41799,0.33860,
2803227,2013-12-31,2013-01-01,588,2,41801,0.33850,
2803228,2013-12-31,2013-01-01,588,2,13657,0.33850,
2803229,2013-12-31,2013-01-01,588,2,52480,0.33840,
2803230,2013-12-31,2013-01-01,588,2,54099,0.33820,
2803231,2013-12-31,2013-01-01,588,2,15189,0.33770,
2803232,2013-12-31,2013-01-01,588,2,20550,0.33770,
2803233,2013-12-31,2013-01-01,588,2,25394,0.33770,
2803234,2013-12-31,2013-01-01,588,2,05051,0.33760,
2803235,2013-12-31,2013-01-01,588,2,25535,0.33750,
2803236,2013-12-31,2013-01-01,588,2,15236,0.33740,
2803237,2013-12-31,2013-01-01,588,2,68464,0.33720,
2803238,2013-12-31,2013-01-01,588,2,15224,0.33710,
2803239,2013-12-31,2013-01-01,588,2,50245,0.33630,
2803240,2013-12-31,2013-01-01,588,2,50270,0.33630,
2803241,2013-12-31,2013-01-01,588,2,13140,0.33620,
2803242,2013-12-31,2013-01-01,588,2,05652,0.33610,
2803243,2013-12-31,2013-01-01,588,2,70670,0.33590,
2803244,2013-12-31,2013-01-01,588,2,73347,0.33560,
2803245,2013-12-31,2013-01-01,588,2,68296,0.33540,
2803246,2013-12-31,2013-01-01,588,2,23672,0.33520,
2803247,2013-12-31,2013-01-01,588,2,05665,0.33490,
2803248,2013-12-31,2013-01-01,588,2,23464,0.33460,
2803249,2013-12-31,2013-01-01,588,2,17541,0.33440,
2803250,2013-12-31,2013-01-01,588,2,25224,0.33410,
2803251,2013-12-31,2013-01-01,588,2,73483,0.33410,
2803252,2013-12-31,2013-01-01,588,2,68051,0.33410,
2803253,2013-12-31,2013-01-01,588,2,25878,0.33370,
2803254,2013-12-31,2013-01-01,588,2,52323,0.33370,
2803255,2013-12-31,2013-01-01,588,2,25491,0.33370,
2803256,2013-12-31,2013-01-01,588,2,47745,0.33370,
2803257,2013-12-31,2013-01-01,588,2,25436,0.33270,
2803258,2013-12-31,2013-01-01,588,2,15667,0.33260,
2803259,2013-12-31,2013-01-01,588,2,25328,0.33240,
2803260,2013-12-31,2013-01-01,588,2,66045,0.33200,
2803261,2013-12-31,2013-01-01,588,2,86001,0.33180,
2803262,2013-12-31,2013-01-01,588,2,73678,0.33140,
2803263,2013-12-31,2013-01-01,588,2,15542,0.33130,
2803264,2013-12-31,2013-01-01,588,2,76823,0.33120,
2803265,2013-12-31,2013-01-01,588,2,13600,0.33110,
2803266,2013-12-31,2013-01-01,588,2,23189,0.33100,
2803267,2013-12-31,2013-01-01,588,2,13780,0.33100,
2803268,2013-12-31,2013-01-01,588,2,25407,0.33090,
2803269,2013-12-31,2013-01-01,588,2,15820,0.33080,
2803270,2013-12-31,2013-01-01,588,2,66383,0.33070,
2803271,2013-12-31,2013-01-01,588,2,25779,0.33060,
2803272,2013-12-31,2013-01-01,588,2,68176,0.33050,
2803273,2013-12-31,2013-01-01,588,2,15047,0.33040,
2803274,2013-12-31,2013-01-01,588,2,17444,0.33030,
2803275,2013-12-31,2013-01-01,588,2,25662,0.33020,
2803276,2013-12-31,2013-01-01,588,2,15317,0.33010,
2803277,2013-12-31,2013-01-01,588,2,41396,0.33000,
2803278,2013-12-31,2013-01-01,588,2,68320,0.32990,
2803279,2013-12-31,2013-01-01,588,2,20443,0.32980,
2803280,2013-12-31,2013-01-01,588,2,41872,0.32980,
2803281,2013-12-31,2013-01-01,588,2,68255,0.32960,
2803282,2013-12-31,2013-01-01,588,2,05347,0.32950,
2803283,2013-12-31,2013-01-01,588,2,70702,0.32910,
2803284,2013-12-31,2013-01-01,588,2,25867,0.32830,
2803285,2013-12-31,2013-01-01,588,2,76250,0.32800,
2803286,2013-12-31,2013-01-01,588,2,73770,0.32780,
2803287,2013-12-31,2013-01-01,588,2,68207,0.32780,
2803288,2013-12-31,2013-01-01,588,2,05411,0.32730,
2803289,2013-12-31,2013-01-01,588,2,25743,0.32720,
2803290,2013-12-31,2013-01-01,588,2,70221,0.32710,
2803291,2013-12-31,2013-01-01,588,2,54599,0.32710,
2803292,2013-12-31,2013-01-01,588,2,15790,0.32700,
2803293,2013-12-31,2013-01-01,588,2,15686,0.32640,
2803294,2013-12-31,2013-01-01,588,2,25279,0.32640,
2803295,2013-12-31,2013-01-01,588,2,54673,0.32640,
2803296,2013-12-31,2013-01-01,588,2,99001,0.32600,
2803297,2013-12-31,2013-01-01,588,2,25312,0.32590,
2803298,2013-12-31,2013-01-01,588,2,68669,0.32590,
2803299,2013-12-31,2013-01-01,588,2,68855,0.32540,
2803300,2013-12-31,2013-01-01,588,2,52083,0.32510,
2803301,2013-12-31,2013-01-01,588,2,08549,0.32500,
2803302,2013-12-31,2013-01-01,588,2,25777,0.32480,
2803303,2013-12-31,2013-01-01,588,2,17272,0.32480,
2803304,2013-12-31,2013-01-01,588,2,47551,0.32480,
2803305,2013-12-31,2013-01-01,588,2,15403,0.32480,
2803306,2013-12-31,2013-01-01,588,2,15696,0.32460,
2803307,2013-12-31,2013-01-01,588,2,66088,0.32460,
2803308,2013-12-31,2013-01-01,588,2,13647,0.32460,
2803309,2013-12-31,2013-01-01,588,2,13468,0.32420,
2803310,2013-12-31,2013-01-01,588,2,20614,0.32410,
2803311,2013-12-31,2013-01-01,588,2,20238,0.32400,
2803312,2013-12-31,2013-01-01,588,2,05209,0.32360,
2803313,2013-12-31,2013-01-01,588,2,13760,0.32340,
2803314,2013-12-31,2013-01-01,588,2,44035,0.32330,
2803315,2013-12-31,2013-01-01,588,2,23182,0.32300,
2803316,2013-12-31,2013-01-01,588,2,15332,0.32250,
2803317,2013-12-31,2013-01-01,588,2,68522,0.32220,
2803318,2013-12-31,2013-01-01,588,2,99624,0.32190,
2803319,2013-12-31,2013-01-01,588,2,52838,0.32130,
2803320,2013-12-31,2013-01-01,588,2,47555,0.32130,
2803321,2013-12-31,2013-01-01,588,2,54680,0.32100,
2803322,2013-12-31,2013-01-01,588,2,15897,0.32100,
2803323,2013-12-31,2013-01-01,588,2,05660,0.32090,
2803324,2013-12-31,2013-01-01,588,2,17088,0.32090,
2803325,2013-12-31,2013-01-01,588,2,94001,0.32050,
2803326,2013-12-31,2013-01-01,588,2,68229,0.32000,
2803327,2013-12-31,2013-01-01,588,2,68533,0.32000,
2803328,2013-12-31,2013-01-01,588,2,25123,0.31970,
2803329,2013-12-31,2013-01-01,588,2,08141,0.31960,
2803330,2013-12-31,2013-01-01,588,2,05761,0.31940,
2803331,2013-12-31,2013-01-01,588,2,08606,0.31930,
2803332,2013-12-31,2013-01-01,588,2,68573,0.31900,
2803333,2013-12-31,2013-01-01,588,2,63548,0.31890,
2803334,2013-12-31,2013-01-01,588,2,08560,0.31880,
2803335,2013-12-31,2013-01-01,588,2,19743,0.31880,
2803336,2013-12-31,2013-01-01,588,2,54660,0.31860,
2803337,2013-12-31,2013-01-01,588,2,76890,0.31860,
2803338,2013-12-31,2013-01-01,588,2,05145,0.31840,
2803339,2013-12-31,2013-01-01,588,2,25530,0.31840,
2803340,2013-12-31,2013-01-01,588,2,23466,0.31800,
2803341,2013-12-31,2013-01-01,588,2,76041,0.31760,
2803342,2013-12-31,2013-01-01,588,2,17524,0.31740,
2803343,2013-12-31,2013-01-01,588,2,17616,0.31730,
2803344,2013-12-31,2013-01-01,588,2,70508,0.31720,
2803345,2013-12-31,2013-01-01,588,2,23417,0.31720,
2803346,2013-12-31,2013-01-01,588,2,41078,0.31660,
2803347,2013-12-31,2013-01-01,588,2,05284,0.31660,
2803348,2013-12-31,2013-01-01,588,2,15723,0.31620,
2803349,2013-12-31,2013-01-01,588,2,08832,0.31520,
2803350,2013-12-31,2013-01-01,588,2,05091,0.31520,
2803351,2013-12-31,2013-01-01,588,2,54239,0.31480,
2803352,2013-12-31,2013-01-01,588,2,15835,0.31450,
2803353,2013-12-31,2013-01-01,588,2,15114,0.31430,
2803354,2013-12-31,2013-01-01,588,2,47707,0.31380,
2803355,2013-12-31,2013-01-01,588,2,85430,0.31370,
2803356,2013-12-31,2013-01-01,588,2,52317,0.31360,
2803357,2013-12-31,2013-01-01,588,2,17867,0.31350,
2803358,2013-12-31,2013-01-01,588,2,76863,0.31320,
2803359,2013-12-31,2013-01-01,588,2,13222,0.31310,
2803360,2013-12-31,2013-01-01,588,2,73283,0.31290,
2803361,2013-12-31,2013-01-01,588,2,68190,0.31280,
2803362,2013-12-31,2013-01-01,588,2,13873,0.31250,
2803363,2013-12-31,2013-01-01,588,2,13244,0.31230,
2803364,2013-12-31,2013-01-01,588,2,25781,0.31220,
2803365,2013-12-31,2013-01-01,588,2,15097,0.31220,
2803366,2013-12-31,2013-01-01,588,2,05585,0.31220,
2803367,2013-12-31,2013-01-01,588,2,47605,0.31180,
2803368,2013-12-31,2013-01-01,588,2,25297,0.31170,
2803369,2013-12-31,2013-01-01,588,2,19698,0.31170,
2803370,2013-12-31,2013-01-01,588,2,76606,0.31140,
2803371,2013-12-31,2013-01-01,588,2,25898,0.31090,
2803372,2013-12-31,2013-01-01,588,2,15514,0.31090,
2803373,2013-12-31,2013-01-01,588,2,47053,0.31030,
2803374,2013-12-31,2013-01-01,588,2,08638,0.30980,
2803375,2013-12-31,2013-01-01,588,2,54313,0.30970,
2803376,2013-12-31,2013-01-01,588,2,20770,0.30970,
2803377,2013-12-31,2013-01-01,588,2,25040,0.30970,
2803378,2013-12-31,2013-01-01,588,2,20295,0.30950,
2803379,2013-12-31,2013-01-01,588,2,76845,0.30930,
2803380,2013-12-31,2013-01-01,588,2,15162,0.30910,
2803381,2013-12-31,2013-01-01,588,2,15599,0.30880,
2803382,2013-12-31,2013-01-01,588,2,17513,0.30870,
2803383,2013-12-31,2013-01-01,588,2,05002,0.30850,
2803384,2013-12-31,2013-01-01,588,2,20228,0.30850,
2803385,2013-12-31,2013-01-01,588,2,41518,0.30850,
2803386,2013-12-31,2013-01-01,588,2,73026,0.30840,
2803387,2013-12-31,2013-01-01,588,2,13052,0.30810,
2803388,2013-12-31,2013-01-01,588,2,41615,0.30790,
2803389,2013-12-31,2013-01-01,588,2,25181,0.30760,
2803390,2013-12-31,2013-01-01,588,2,85325,0.30750,
2803391,2013-12-31,2013-01-01,588,2,05656,0.30710,
2803392,2013-12-31,2013-01-01,588,2,15051,0.30690,
2803393,2013-12-31,2013-01-01,588,2,25438,0.30650,
2803394,2013-12-31,2013-01-01,588,2,25599,0.30640,
2803395,2013-12-31,2013-01-01,588,2,85015,0.30610,
2803396,2013-12-31,2013-01-01,588,2,54418,0.30520,
2803397,2013-12-31,2013-01-01,588,2,19513,0.30430,
2803398,2013-12-31,2013-01-01,588,2,54871,0.30400,
2803399,2013-12-31,2013-01-01,588,2,15272,0.30400,
2803400,2013-12-31,2013-01-01,588,2,50313,0.30400,
2803401,2013-12-31,2013-01-01,588,2,25178,0.30370,
2803402,2013-12-31,2013-01-01,588,2,63111,0.30330,
2803403,2013-12-31,2013-01-01,588,2,15814,0.30330,
2803404,2013-12-31,2013-01-01,588,2,05893,0.30310,
2803405,2013-12-31,2013-01-01,588,2,25658,0.30310,
2803406,2013-12-31,2013-01-01,588,2,76670,0.30310,
2803407,2013-12-31,2013-01-01,588,2,17433,0.30300,
2803408,2013-12-31,2013-01-01,588,2,25324,0.30270,
2803409,2013-12-31,2013-01-01,588,2,25326,0.30270,
2803410,2013-12-31,2013-01-01,588,2,25053,0.30260,
2803411,2013-12-31,2013-01-01,588,2,05887,0.30180,
2803412,2013-12-31,2013-01-01,588,2,41306,0.30140,
2803413,2013-12-31,2013-01-01,588,2,17013,0.30120,
2803414,2013-12-31,2013-01-01,588,2,68867,0.30030,
2803415,2013-12-31,2013-01-01,588,2,13838,0.30010,
2803416,2013-12-31,2013-01-01,588,2,20517,0.30010,
2803417,2013-12-31,2013-01-01,588,2,25320,0.29880,
2803418,2013-12-31,2013-01-01,588,2,20621,0.29840,
2803419,2013-12-31,2013-01-01,588,2,05004,0.29820,
2803420,2013-12-31,2013-01-01,588,2,20750,0.29810,
2803421,2013-12-31,2013-01-01,588,2,25488,0.29810,
2803422,2013-12-31,2013-01-01,588,2,73319,0.29780,
2803423,2013-12-31,2013-01-01,588,2,05101,0.29770,
2803424,2013-12-31,2013-01-01,588,2,05030,0.29660,
2803425,2013-12-31,2013-01-01,588,2,15248,0.29660,
2803426,2013-12-31,2013-01-01,588,2,25873,0.29650,
2803427,2013-12-31,2013-01-01,588,2,86755,0.29640,
2803428,2013-12-31,2013-01-01,588,2,25649,0.29640,
2803429,2013-12-31,2013-01-01,588,2,44078,0.29620,
2803430,2013-12-31,2013-01-01,588,2,05809,0.29620,
2803431,2013-12-31,2013-01-01,588,2,08675,0.29510,
2803432,2013-12-31,2013-01-01,588,2,05576,0.29490,
2803433,2013-12-31,2013-01-01,588,2,76126,0.29460,
2803434,2013-12-31,2013-01-01,588,2,70235,0.29460,
2803435,2013-12-31,2013-01-01,588,2,63302,0.29370,
2803436,2013-12-31,2013-01-01,588,2,68079,0.29330,
2803437,2013-12-31,2013-01-01,588,2,63212,0.29330,
2803438,2013-12-31,2013-01-01,588,2,25785,0.29290,
2803439,2013-12-31,2013-01-01,588,2,68147,0.29270,
2803440,2013-12-31,2013-01-01,588,2,13430,0.29260,
2803441,2013-12-31,2013-01-01,588,2,25151,0.29240,
2803442,2013-12-31,2013-01-01,588,2,68689,0.29230,
2803443,2013-12-31,2013-01-01,588,2,08137,0.29230,
2803444,2013-12-31,2013-01-01,588,2,15837,0.29220,
2803445,2013-12-31,2013-01-01,588,2,05313,0.29200,
2803446,2013-12-31,2013-01-01,588,2,41298,0.29160,
2803447,2013-12-31,2013-01-01,588,2,68575,0.29150,
2803448,2013-12-31,2013-01-01,588,2,85250,0.29140,
2803449,2013-12-31,2013-01-01,588,2,68572,0.29140,
2803450,2013-12-31,2013-01-01,588,2,08372,0.29110,
2803451,2013-12-31,2013-01-01,588,2,81001,0.29060,
2803452,2013-12-31,2013-01-01,588,2,81220,0.29030,
2803453,2013-12-31,2013-01-01,588,2,41524,0.29000,
2803454,2013-12-31,2013-01-01,588,2,05206,0.28980,
2803455,2013-12-31,2013-01-01,588,2,76130,0.28970,
2803456,2013-12-31,2013-01-01,588,2,18001,0.28960,
2803457,2013-12-31,2013-01-01,588,2,05310,0.28950,
2803458,2013-12-31,2013-01-01,588,2,70717,0.28880,
2803459,2013-12-31,2013-01-01,588,2,68500,0.28850,
2803460,2013-12-31,2013-01-01,588,2,15522,0.28820,
2803461,2013-12-31,2013-01-01,588,2,66440,0.28820,
2803462,2013-12-31,2013-01-01,588,2,76306,0.28800,
2803463,2013-12-31,2013-01-01,588,2,17486,0.28760,
2803464,2013-12-31,2013-01-01,588,2,25513,0.28750,
2803465,2013-12-31,2013-01-01,588,2,13894,0.28700,
2803466,2013-12-31,2013-01-01,588,2,47268,0.28650,
2803467,2013-12-31,2013-01-01,588,2,05756,0.28650,
2803468,2013-12-31,2013-01-01,588,2,44650,0.28630,
2803469,2013-12-31,2013-01-01,588,2,15660,0.28620,
2803470,2013-12-31,2013-01-01,588,2,15638,0.28600,
2803471,2013-12-31,2013-01-01,588,2,73585,0.28580,
2803472,2013-12-31,2013-01-01,588,2,73671,0.28570,
2803473,2013-12-31,2013-01-01,588,2,73547,0.28540,
2803474,2013-12-31,2013-01-01,588,2,25245,0.28520,
2803475,2013-12-31,2013-01-01,588,2,17495,0.28470,
2803476,2013-12-31,2013-01-01,588,2,05282,0.28450,
2803477,2013-12-31,2013-01-01,588,2,85263,0.28430,
2803478,2013-12-31,2013-01-01,588,2,25851,0.28420,
2803479,2013-12-31,2013-01-01,588,2,05679,0.28370,
2803480,2013-12-31,2013-01-01,588,2,47675,0.28340,
2803481,2013-12-31,2013-01-01,588,2,25317,0.28320,
2803482,2013-12-31,2013-01-01,588,2,15244,0.28260,
2803483,2013-12-31,2013-01-01,588,2,25845,0.28240,
2803484,2013-12-31,2013-01-01,588,2,19455,0.28200,
2803485,2013-12-31,2013-01-01,588,2,44098,0.28200,
2803486,2013-12-31,2013-01-01,588,2,86760,0.28190,
2803487,2013-12-31,2013-01-01,588,2,25402,0.28170,
2803488,2013-12-31,2013-01-01,588,2,08436,0.28160,
2803489,2013-12-31,2013-01-01,588,2,05789,0.28110,
2803490,2013-12-31,2013-01-01,588,2,76020,0.28080,
2803491,2013-12-31,2013-01-01,588,2,44430,0.28040,
2803492,2013-12-31,2013-01-01,588,2,15646,0.28030,
2803493,2013-12-31,2013-01-01,588,2,76400,0.28020,
2803494,2013-12-31,2013-01-01,588,2,41551,0.28010,
2803495,2013-12-31,2013-01-01,588,2,68167,0.28010,
2803496,2013-12-31,2013-01-01,588,2,76497,0.27990,
2803497,2013-12-31,2013-01-01,588,2,68861,0.27970,
2803498,2013-12-31,2013-01-01,588,2,25035,0.27950,
2803499,2013-12-31,2013-01-01,588,2,54553,0.27870,
2803500,2013-12-31,2013-01-01,588,2,41797,0.27860,
2803501,2013-12-31,2013-01-01,588,2,15362,0.27830,
2803502,2013-12-31,2013-01-01,588,2,08849,0.27720,
2803503,2013-12-31,2013-01-01,588,2,05649,0.27700,
2803504,2013-12-31,2013-01-01,588,2,76122,0.27690,
2803505,2013-12-31,2013-01-01,588,2,41013,0.27680,
2803506,2013-12-31,2013-01-01,588,2,23555,0.27630,
2803507,2013-12-31,2013-01-01,588,2,15806,0.27560,
2803508,2013-12-31,2013-01-01,588,2,44279,0.27510,
2803509,2013-12-31,2013-01-01,588,2,76563,0.27450,
2803510,2013-12-31,2013-01-01,588,2,15480,0.27400,
2803511,2013-12-31,2013-01-01,588,2,17653,0.27360,
2803512,2013-12-31,2013-01-01,588,2,25736,0.27350,
2803513,2013-12-31,2013-01-01,588,2,05154,0.27330,
2803514,2013-12-31,2013-01-01,588,2,05861,0.27300,
2803515,2013-12-31,2013-01-01,588,2,70215,0.27290,
2803516,2013-12-31,2013-01-01,588,2,15469,0.27190,
2803517,2013-12-31,2013-01-01,588,2,41016,0.27110,
2803518,2013-12-31,2013-01-01,588,2,23660,0.27080,
2803519,2013-12-31,2013-01-01,588,2,17042,0.27050,
2803520,2013-12-31,2013-01-01,588,2,25815,0.27040,
2803521,2013-12-31,2013-01-01,588,2,41132,0.27000,
2803522,2013-12-31,2013-01-01,588,2,05079,0.26990,
2803523,2013-12-31,2013-01-01,588,2,85315,0.26960,
2803524,2013-12-31,2013-01-01,588,2,50318,0.26930,
2803525,2013-12-31,2013-01-01,588,2,15693,0.26850,
2803526,2013-12-31,2013-01-01,588,2,05190,0.26720,
2803527,2013-12-31,2013-01-01,588,2,17050,0.26710,
2803528,2013-12-31,2013-01-01,588,2,41349,0.26690,
2803529,2013-12-31,2013-01-01,588,2,68872,0.26690,
2803530,2013-12-31,2013-01-01,588,2,73411,0.26680,
2803531,2013-12-31,2013-01-01,588,2,76275,0.26650,
2803532,2013-12-31,2013-01-01,588,2,50573,0.26610,
2803533,2013-12-31,2013-01-01,588,2,50124,0.26540,
2803534,2013-12-31,2013-01-01,588,2,19845,0.26540,
2803535,2013-12-31,2013-01-01,588,2,44420,0.26490,
2803536,2013-12-31,2013-01-01,588,2,17777,0.26480,
2803537,2013-12-31,2013-01-01,588,2,20013,0.26390,
2803538,2013-12-31,2013-01-01,588,2,05364,0.26310,
2803539,2013-12-31,2013-01-01,588,2,68327,0.26100,
2803540,2013-12-31,2013-01-01,588,2,23001,0.26020,
2803541,2013-12-31,2013-01-01,588,2,63690,0.26010,
2803542,2013-12-31,2013-01-01,588,2,44110,0.25920,
2803543,2013-12-31,2013-01-01,588,2,25183,0.25800,
2803544,2013-12-31,2013-01-01,588,2,05667,0.25790,
2803545,2013-12-31,2013-01-01,588,2,08558,0.25780,
2803546,2013-12-31,2013-01-01,588,2,05856,0.25740,
2803547,2013-12-31,2013-01-01,588,2,70110,0.25720,
2803548,2013-12-31,2013-01-01,588,2,44855,0.25710,
2803549,2013-12-31,2013-01-01,588,2,73055,0.25710,
2803550,2013-12-31,2013-01-01,588,2,44001,0.25660,
2803551,2013-12-31,2013-01-01,588,2,76622,0.25660,
2803552,2013-12-31,2013-01-01,588,2,05792,0.25630,
2803553,2013-12-31,2013-01-01,588,2,15690,0.25610,
2803554,2013-12-31,2013-01-01,588,2,76869,0.25590,
2803555,2013-12-31,2013-01-01,588,2,05021,0.25580,
2803556,2013-12-31,2013-01-01,588,2,68406,0.25570,
2803557,2013-12-31,2013-01-01,588,2,25772,0.25540,
2803558,2013-12-31,2013-01-01,588,2,50680,0.25530,
2803559,2013-12-31,2013-01-01,588,2,25322,0.25520,
2803560,2013-12-31,2013-01-01,588,2,05142,0.25470,
2803561,2013-12-31,2013-01-01,588,2,20060,0.25470,
2803562,2013-12-31,2013-01-01,588,2,25200,0.25440,
2803563,2013-12-31,2013-01-01,588,2,70820,0.25430,
2803564,2013-12-31,2013-01-01,588,2,05147,0.25320,
2803565,2013-12-31,2013-01-01,588,2,73861,0.25300,
2803566,2013-12-31,2013-01-01,588,2,25875,0.25240,
2803567,2013-12-31,2013-01-01,588,2,05353,0.25190,
2803568,2013-12-31,2013-01-01,588,2,05042,0.25140,
2803569,2013-12-31,2013-01-01,588,2,15087,0.25140,
2803570,2013-12-31,2013-01-01,588,2,76113,0.25120,
2803571,2013-12-31,2013-01-01,588,2,15757,0.24940,
2803572,2013-12-31,2013-01-01,588,2,76736,0.24940,
2803573,2013-12-31,2013-01-01,588,2,20178,0.24910,
2803574,2013-12-31,2013-01-01,588,2,25486,0.24770,
2803575,2013-12-31,2013-01-01,588,2,05541,0.24720,
2803576,2013-12-31,2013-01-01,588,2,08770,0.24640,
2803577,2013-12-31,2013-01-01,588,2,05686,0.24590,
2803578,2013-12-31,2013-01-01,588,2,05318,0.24550,
2803579,2013-12-31,2013-01-01,588,2,25386,0.24510,
2803580,2013-12-31,2013-01-01,588,2,76318,0.24460,
2803581,2013-12-31,2013-01-01,588,2,63190,0.24410,
2803582,2013-12-31,2013-01-01,588,2,76364,0.24370,
2803583,2013-12-31,2013-01-01,588,2,05664,0.24370,
2803584,2013-12-31,2013-01-01,588,2,73275,0.24320,
2803585,2013-12-31,2013-01-01,588,2,15466,0.24310,
2803586,2013-12-31,2013-01-01,588,2,63272,0.24210,
2803587,2013-12-31,2013-01-01,588,2,54874,0.24120,
2803588,2013-12-31,2013-01-01,588,2,25612,0.24100,
2803589,2013-12-31,2013-01-01,588,2,76036,0.24060,
2803590,2013-12-31,2013-01-01,588,2,25483,0.24030,
2803591,2013-12-31,2013-01-01,588,2,17614,0.24000,
2803592,2013-12-31,2013-01-01,588,2,54172,0.23990,
2803593,2013-12-31,2013-01-01,588,2,86749,0.23970,
2803594,2013-12-31,2013-01-01,588,2,54498,0.23700,
2803595,2013-12-31,2013-01-01,588,2,41026,0.23630,
2803596,2013-12-31,2013-01-01,588,2,13836,0.23600,
2803597,2013-12-31,2013-01-01,588,2,25745,0.23580,
2803598,2013-12-31,2013-01-01,588,2,50568,0.23510,
2803599,2013-12-31,2013-01-01,588,2,52356,0.23480,
2803600,2013-12-31,2013-01-01,588,2,08078,0.23440,
2803601,2013-12-31,2013-01-01,588,2,15455,0.23410,
2803602,2013-12-31,2013-01-01,588,2,19001,0.23380,
2803603,2013-12-31,2013-01-01,588,2,68655,0.23380,
2803604,2013-12-31,2013-01-01,588,2,68211,0.23320,
2803605,2013-12-31,2013-01-01,588,2,05579,0.23290,
2803606,2013-12-31,2013-01-01,588,2,47288,0.23280,
2803607,2013-12-31,2013-01-01,588,2,63470,0.23240,
2803608,2013-12-31,2013-01-01,588,2,08520,0.23220,
2803609,2013-12-31,2013-01-01,588,2,44874,0.23220,
2803610,2013-12-31,2013-01-01,588,2,15407,0.23210,
2803611,2013-12-31,2013-01-01,588,2,25769,0.23200,
2803612,2013-12-31,2013-01-01,588,2,76403,0.23110,
2803613,2013-12-31,2013-01-01,588,2,68895,0.23020,
2803614,2013-12-31,2013-01-01,588,2,47189,0.23000,
2803615,2013-12-31,2013-01-01,588,2,05172,0.22880,
2803616,2013-12-31,2013-01-01,588,2,19573,0.22870,
2803617,2013-12-31,2013-01-01,588,2,25295,0.22850,
2803618,2013-12-31,2013-01-01,588,2,15572,0.22790,
2803619,2013-12-31,2013-01-01,588,2,63594,0.22780,
2803620,2013-12-31,2013-01-01,588,2,05400,0.22670,
2803621,2013-12-31,2013-01-01,588,2,85139,0.22670,
2803622,2013-12-31,2013-01-01,588,2,70742,0.22410,
2803623,2013-12-31,2013-01-01,588,2,68132,0.22390,
2803624,2013-12-31,2013-01-01,588,2,50110,0.22270,
2803625,2013-12-31,2013-01-01,588,2,91001,0.22240,
2803626,2013-12-31,2013-01-01,588,2,08296,0.22180,
2803627,2013-12-31,2013-01-01,588,2,97001,0.22130,
2803628,2013-12-31,2013-01-01,588,2,05264,0.22110,
2803629,2013-12-31,2013-01-01,588,2,85230,0.22010,
2803630,2013-12-31,2013-01-01,588,2,15537,0.21970,
2803631,2013-12-31,2013-01-01,588,2,76834,0.21860,
2803632,2013-12-31,2013-01-01,588,2,73030,0.21810,
2803633,2013-12-31,2013-01-01,588,2,44378,0.21790,
2803634,2013-12-31,2013-01-01,588,2,20011,0.21750,
2803635,2013-12-31,2013-01-01,588,2,52001,0.21740,
2803636,2013-12-31,2013-01-01,588,2,76248,0.21740,
2803637,2013-12-31,2013-01-01,588,2,73148,0.21720,
2803638,2013-12-31,2013-01-01,588,2,68077,0.21670,
2803639,2013-12-31,2013-01-01,588,2,20045,0.21620,
2803640,2013-12-31,2013-01-01,588,2,05045,0.21590,
2803641,2013-12-31,2013-01-01,588,2,05148,0.21580,
2803642,2013-12-31,2013-01-01,588,2,73443,0.21410,
2803643,2013-12-31,2013-01-01,588,2,15215,0.21400,
2803644,2013-12-31,2013-01-01,588,2,47001,0.21350,
2803645,2013-12-31,2013-01-01,588,2,50689,0.21310,
2803646,2013-12-31,2013-01-01,588,2,25377,0.21120,
2803647,2013-12-31,2013-01-01,588,2,25572,0.21060,
2803648,2013-12-31,2013-01-01,588,2,05368,0.21010,
2803649,2013-12-31,2013-01-01,588,2,76895,0.20720,
2803650,2013-12-31,2013-01-01,588,2,50150,0.20680,
2803651,2013-12-31,2013-01-01,588,2,15299,0.20640,
2803652,2013-12-31,2013-01-01,588,2,20710,0.20630,
2803653,2013-12-31,2013-01-01,588,2,73268,0.20470,
2803654,2013-12-31,2013-01-01,588,2,15753,0.20430,
2803655,2013-12-31,2013-01-01,588,2,15516,0.20250,
2803656,2013-12-31,2013-01-01,588,2,85010,0.20130,
2803657,2013-12-31,2013-01-01,588,2,15322,0.20090,
2803658,2013-12-31,2013-01-01,588,2,85300,0.20040,
2803659,2013-12-31,2013-01-01,588,2,50226,0.19890,
2803660,2013-12-31,2013-01-01,588,2,63401,0.19820,
2803661,2013-12-31,2013-01-01,588,2,97666,0.19810,
2803662,2013-12-31,2013-01-01,588,2,66682,0.19550,
2803663,2013-12-31,2013-01-01,588,2,08433,0.19350,
2803664,2013-12-31,2013-01-01,588,2,63130,0.19320,
2803665,2013-12-31,2013-01-01,588,2,05390,0.19170,
2803666,2013-12-31,2013-01-01,588,2,25001,0.19140,
2803667,2013-12-31,2013-01-01,588,2,05150,0.19070,
2803668,2013-12-31,2013-01-01,588,2,50606,0.19050,
2803669,2013-12-31,2013-01-01,588,2,76147,0.18980,
2803670,2013-12-31,2013-01-01,588,2,05237,0.18930,
2803671,2013-12-31,2013-01-01,588,2,17873,0.18920,
2803672,2013-12-31,2013-01-01,588,2,25799,0.18870,
2803673,2013-12-31,2013-01-01,588,2,73408,0.18670,
2803674,2013-12-31,2013-01-01,588,2,68432,0.18490,
2803675,2013-12-31,2013-01-01,588,2,05607,0.18430,
2803676,2013-12-31,2013-01-01,588,2,25843,0.18330,
2803677,2013-12-31,2013-01-01,588,2,08634,0.18230,
2803678,2013-12-31,2013-01-01,588,2,20400,0.18180,
2803679,2013-12-31,2013-01-01,588,2,25099,0.18070,
2803680,2013-12-31,2013-01-01,588,2,05308,0.17930,
2803681,2013-12-31,2013-01-01,588,2,17877,0.17920,
2803682,2013-12-31,2013-01-01,588,2,76111,0.17870,
2803683,2013-12-31,2013-01-01,588,2,54405,0.17710,
2803684,2013-12-31,2013-01-01,588,2,73449,0.17480,
2803685,2013-12-31,2013-01-01,588,2,54518,0.17470,
2803686,2013-12-31,2013-01-01,588,2,50006,0.17380,
2803687,2013-12-31,2013-01-01,588,2,85410,0.17340,
2803688,2013-12-31,2013-01-01,588,2,08685,0.17330,
2803689,2013-12-31,2013-01-01,588,2,68755,0.17300,
2803690,2013-12-31,2013-01-01,588,2,50001,0.17190,
2803691,2013-12-31,2013-01-01,588,2,66400,0.17190,
2803692,2013-12-31,2013-01-01,588,2,17174,0.17000,
2803693,2013-12-31,2013-01-01,588,2,15491,0.16950,
2803694,2013-12-31,2013-01-01,588,2,15176,0.16800,
2803695,2013-12-31,2013-01-01,588,2,20001,0.16650,
2803696,2013-12-31,2013-01-01,588,2,54001,0.16560,
2803697,2013-12-31,2013-01-01,588,2,05697,0.16530,
2803698,2013-12-31,2013-01-01,588,2,85001,0.16500,
2803699,2013-12-31,2013-01-01,588,2,70001,0.16480,
2803700,2013-12-31,2013-01-01,588,2,05440,0.16430,
2803701,2013-12-31,2013-01-01,588,2,25740,0.16380,
2803702,2013-12-31,2013-01-01,588,2,05129,0.16220,
2803703,2013-12-31,2013-01-01,588,2,17380,0.16110,
2803704,2013-12-31,2013-01-01,588,2,85440,0.15970,
2803705,2013-12-31,2013-01-01,588,2,25260,0.15780,
2803706,2013-12-31,2013-01-01,588,2,25290,0.15740,
2803707,2013-12-31,2013-01-01,588,2,25126,0.15730,
2803708,2013-12-31,2013-01-01,588,2,68307,0.15640,
2803709,2013-12-31,2013-01-01,588,2,05321,0.15620,
2803710,2013-12-31,2013-01-01,588,2,66001,0.15610,
2803711,2013-12-31,2013-01-01,588,2,68547,0.15480,
2803712,2013-12-31,2013-01-01,588,2,41885,0.14990,
2803713,2013-12-31,2013-01-01,588,2,73349,0.14810,
2803714,2013-12-31,2013-01-01,588,2,76520,0.14790,
2803715,2013-12-31,2013-01-01,588,2,25758,0.14500,
2803716,2013-12-31,2013-01-01,588,2,08758,0.14410,
2803717,2013-12-31,2013-01-01,588,2,76892,0.13780,
2803718,2013-12-31,2013-01-01,588,2,08573,0.13590,
2803719,2013-12-31,2013-01-01,588,2,68679,0.13450,
2803720,2013-12-31,2013-01-01,588,2,25175,0.13390,
2803721,2013-12-31,2013-01-01,588,2,85162,0.13160,
2803722,2013-12-31,2013-01-01,588,2,25307,0.13160,
2803723,2013-12-31,2013-01-01,588,2,15759,0.13020,
2803724,2013-12-31,2013-01-01,588,2,05380,0.12700,
2803725,2013-12-31,2013-01-01,588,2,15238,0.12380,
2803726,2013-12-31,2013-01-01,588,2,05615,0.12370,
2803727,2013-12-31,2013-01-01,588,2,13001,0.11980,
2803728,2013-12-31,2013-01-01,588,2,41001,0.11820,
2803729,2013-12-31,2013-01-01,588,2,25899,0.11470,
2803730,2013-12-31,2013-01-01,588,2,25754,0.11260,
2803731,2013-12-31,2013-01-01,588,2,66170,0.11110,
2803732,2013-12-31,2013-01-01,588,2,25430,0.11030,
2803733,2013-12-31,2013-01-01,588,2,73001,0.10940,
2803734,2013-12-31,2013-01-01,588,2,05212,0.10910,
2803735,2013-12-31,2013-01-01,588,2,63001,0.10820,
2803736,2013-12-31,2013-01-01,588,2,25269,0.10760,
2803737,2013-12-31,2013-01-01,588,2,15001,0.10580,
2803738,2013-12-31,2013-01-01,588,2,05376,0.10180,
2803739,2013-12-31,2013-01-01,588,2,68081,0.09970,
2803740,2013-12-31,2013-01-01,588,2,17001,0.09890,
2803741,2013-12-31,2013-01-01,588,2,76001,0.09300,
2803742,2013-12-31,2013-01-01,588,2,08001,0.08270,
2803743,2013-12-31,2013-01-01,588,2,68276,0.07920,
2803744,2013-12-31,2013-01-01,588,2,05088,0.07470,
2803745,2013-12-31,2013-01-01,588,2,05001,0.06380,
2803746,2013-12-31,2013-01-01,588,2,25473,0.05950,
2803747,2013-12-31,2013-01-01,588,2,68001,0.04990,
2803748,2013-12-31,2013-01-01,588,2,25286,0.04960,
2803749,2013-12-31,2013-01-01,588,2,25214,0.04760,
2803750,2013-12-31,2013-01-01,588,2,05360,0.03500,
2803751,2013-12-31,2013-01-01,588,2,05631,0.03470,
2803752,2013-12-31,2013-01-01,588,2,25817,0.01400,
2803753,2013-12-31,2013-01-01,588,2,11001,0.00130,
2803754,2013-12-31,2013-01-01,588,2,05266,0.00000,
